0, 0, 1
0.01, 0.0100165, 0.996642
0.02, 0.0199992, 0.993228
0.03, 0.0299475, 0.989759
0.04, 0.0398609, 0.986235
0.05, 0.0497389, 0.982657
0.06, 0.0595809, 0.979026
0.07, 0.0693863, 0.975341
0.08, 0.0791546, 0.971603
0.09, 0.0888854, 0.967812
0.1, 0.098578, 0.963969
0.11, 0.108232, 0.960075
0.12, 0.117847, 0.956129
0.13, 0.127422, 0.952132
0.14, 0.136957, 0.948085
0.15, 0.146451, 0.943988
0.16, 0.155904, 0.939842
0.17, 0.165315, 0.935646
0.18, 0.174684, 0.931402
0.19, 0.184011, 0.927109
0.2, 0.193294, 0.922769
0.21, 0.202534, 0.918381
0.22, 0.21173, 0.913947
0.23, 0.220881, 0.909466
0.24, 0.229987, 0.904939
0.25, 0.239047, 0.900367
0.26, 0.248062, 0.89575
0.27, 0.25703, 0.891088
0.28, 0.265951, 0.886382
0.29, 0.274825, 0.881632
0.3, 0.283651, 0.876839
0.31, 0.292429, 0.872003
0.32, 0.301159, 0.867125
0.33, 0.309839, 0.862205
0.34, 0.318471, 0.857244
0.35, 0.327052, 0.852242
0.36, 0.335583, 0.8472
0.37, 0.344063, 0.842117
0.38, 0.352493, 0.836996
0.39, 0.360871, 0.831835
0.4, 0.369197, 0.826635
0.41, 0.37747, 0.821398
0.42, 0.385692, 0.816123
0.43, 0.39386, 0.810811
0.44, 0.401975, 0.805462
0.45, 0.410036, 0.800077
0.46, 0.418043, 0.794657
0.47, 0.425996, 0.789201
0.48, 0.433894, 0.783711
0.49, 0.441737, 0.778186
0.5, 0.449524, 0.772628
0.51, 0.457256, 0.767037
0.52, 0.464931, 0.761412
0.53, 0.47255, 0.755756
0.54, 0.480112, 0.750067
0.55, 0.487617, 0.744348
0.56, 0.495065, 0.738597
0.57, 0.502455, 0.732816
0.58, 0.509787, 0.727006
0.59, 0.51706, 0.721166
0.6, 0.524275, 0.715297
0.61, 0.531431, 0.709399
0.62, 0.538528, 0.703474
0.63, 0.545565, 0.697521
0.64, 0.552543, 0.691542
0.65, 0.55946, 0.685536
0.66, 0.566318, 0.679504
0.67, 0.573115, 0.673447
0.68, 0.579851, 0.667364
0.69, 0.586526, 0.661257
0.7, 0.593139, 0.655126
0.71, 0.599692, 0.648972
0.72, 0.606182, 0.642795
0.73, 0.61261, 0.636595
0.74, 0.618977, 0.630373
0.75, 0.625281, 0.62413
0.76, 0.631522, 0.617865
0.77, 0.6377, 0.61158
0.78, 0.643815, 0.605275
0.79, 0.649867, 0.59895
0.8, 0.655856, 0.592606
0.81, 0.661781, 0.586244
0.82, 0.667642, 0.579863
0.83, 0.673439, 0.573465
0.84, 0.679172, 0.567049
0.85, 0.68484, 0.560617
0.86, 0.690444, 0.554169
0.87, 0.695984, 0.547705
0.88, 0.701458, 0.541226
0.89, 0.706868, 0.534732
0.9, 0.712212, 0.528224
0.91, 0.717491, 0.521702
0.92, 0.722705, 0.515166
0.93, 0.727853, 0.508618
0.94, 0.732935, 0.502058
0.95, 0.737952, 0.495486
0.96, 0.742903, 0.488902
0.97, 0.747787, 0.482308
0.98, 0.752606, 0.475703
0.99, 0.757358, 0.469088
1, 0.762044, 0.462463
1.01, 0.766664, 0.45583
1.02, 0.771217, 0.449188
1.03, 0.775703, 0.442538
1.04, 0.780123, 0.435881
1.05, 0.784476, 0.429216
1.06, 0.788762, 0.422545
1.07, 0.792982, 0.415868
1.08, 0.797134, 0.409184
1.09, 0.801219, 0.402496
1.1, 0.805237, 0.395803
1.11, 0.809189, 0.389106
1.12, 0.813073, 0.382404
1.13, 0.816889, 0.3757
1.14, 0.820639, 0.368992
1.15, 0.824321, 0.362282
1.16, 0.827936, 0.35557
1.17, 0.831484, 0.348856
1.18, 0.834965, 0.342142
1.19, 0.838378, 0.335426
1.2, 0.841723, 0.328711
1.21, 0.845002, 0.321995
1.22, 0.848213, 0.315281
1.23, 0.851357, 0.308567
1.24, 0.854434, 0.301855
1.25, 0.857443, 0.295145
1.26, 0.860385, 0.288438
1.27, 0.86326, 0.281733
1.28, 0.866067, 0.275032
1.29, 0.868808, 0.268335
1.3, 0.871481, 0.261642
1.31, 0.874087, 0.254953
1.32, 0.876626, 0.24827
1.33, 0.879099, 0.241592
1.34, 0.881504, 0.23492
1.35, 0.883842, 0.228255
1.36, 0.886114, 0.221596
1.37, 0.888319, 0.214944
1.38, 0.890457, 0.2083
1.39, 0.892528, 0.201664
1.4, 0.894534, 0.195037
1.41, 0.896472, 0.188419
1.42, 0.898345, 0.181809
1.43, 0.900151, 0.17521
1.44, 0.901891, 0.168621
1.45, 0.903565, 0.162042
1.46, 0.905173, 0.155474
1.47, 0.906715, 0.148917
1.48, 0.908191, 0.142373
1.49, 0.909602, 0.13584
1.5, 0.910948, 0.12932
1.51, 0.912228, 0.122813
1.52, 0.913443, 0.116319
1.53, 0.914593, 0.109839
1.54, 0.915678, 0.103372
1.55, 0.916698, 0.0969208
1.56, 0.917653, 0.0904841
1.57, 0.918545, 0.0840626
1.58, 0.919371, 0.0776567
1.59, 0.920134, 0.0712669
1.6, 0.920832, 0.0648934
1.61, 0.921467, 0.0585367
1.62, 0.922038, 0.052197
1.63, 0.922545, 0.0458749
1.64, 0.922989, 0.0395706
1.65, 0.92337, 0.0332845
1.66, 0.923688, 0.027017
1.67, 0.923944, 0.0207684
1.68, 0.924136, 0.0145391
1.69, 0.924267, 0.00832949
1.7, 0.924335, 0.00213981
1.71, 0.924341, -0.00402953
1.72, 0.924285, -0.0101782
1.73, 0.924167, -0.0163058
1.74, 0.923989, -0.0224121
1.75, 0.923749, -0.0284967
1.76, 0.923448, -0.0345592
1.77, 0.923086, -0.0405994
1.78, 0.922664, -0.0466169
1.79, 0.922182, -0.0526114
1.8, 0.92164, -0.0585825
1.81, 0.921038, -0.0645299
1.82, 0.920376, -0.0704534
1.83, 0.919655, -0.0763526
1.84, 0.918875, -0.0822271
1.85, 0.918036, -0.0880767
1.86, 0.917138, -0.0939011
1.87, 0.916182, -0.0996999
1.88, 0.915169, -0.105473
1.89, 0.914097, -0.11122
1.9, 0.912968, -0.11694
1.91, 0.911781, -0.122634
1.92, 0.910537, -0.1283
1.93, 0.909237, -0.13394
1.94, 0.90788, -0.139551
1.95, 0.906467, -0.145135
1.96, 0.904999, -0.150691
1.97, 0.903474, -0.156218
1.98, 0.901894, -0.161716
1.99, 0.900259, -0.167186
2, 0.89857, -0.172626
2.01, 0.896826, -0.178037
2.02, 0.895027, -0.183418
2.03, 0.893175, -0.188768
2.04, 0.89127, -0.194089
2.05, 0.889311, -0.199379
2.06, 0.887299, -0.204638
2.07, 0.885234, -0.209866
2.08, 0.883117, -0.215063
2.09, 0.880949, -0.220228
2.1, 0.878728, -0.225361
2.11, 0.876456, -0.230462
2.12, 0.874133, -0.235531
2.13, 0.871759, -0.240568
2.14, 0.869335, -0.245572
2.15, 0.866861, -0.250542
2.16, 0.864337, -0.25548
2.17, 0.861763, -0.260384
2.18, 0.859141, -0.265255
2.19, 0.85647, -0.270091
2.2, 0.85375, -0.274894
2.21, 0.850982, -0.279662
2.22, 0.848167, -0.284396
2.23, 0.845304, -0.289096
2.24, 0.842394, -0.29376
2.25, 0.839438, -0.298389
2.26, 0.836435, -0.302983
2.27, 0.833386, -0.307542
2.28, 0.830292, -0.312065
2.29, 0.827152, -0.316552
2.3, 0.823968, -0.321004
2.31, 0.820738, -0.325419
2.32, 0.817465, -0.329797
2.33, 0.814148, -0.334139
2.34, 0.810788, -0.338445
2.35, 0.807384, -0.342713
2.36, 0.803938, -0.346945
2.37, 0.800449, -0.351139
2.38, 0.796919, -0.355296
2.39, 0.793347, -0.359416
2.4, 0.789733, -0.363498
2.41, 0.786079, -0.367542
2.42, 0.782385, -0.371548
2.43, 0.77865, -0.375516
2.44, 0.774876, -0.379446
2.45, 0.771062, -0.383337
2.46, 0.76721, -0.38719
2.47, 0.763318, -0.391005
2.48, 0.759389, -0.39478
2.49, 0.755422, -0.398517
2.5, 0.751418, -0.402215
2.51, 0.747377, -0.405873
2.52, 0.743299, -0.409493
2.53, 0.739185, -0.413073
2.54, 0.735035, -0.416613
2.55, 0.73085, -0.420114
2.56, 0.726629, -0.423576
2.57, 0.722374, -0.426997
2.58, 0.718085, -0.430379
2.59, 0.713763, -0.433721
2.6, 0.709406, -0.437023
2.61, 0.705017, -0.440284
2.62, 0.700595, -0.443506
2.63, 0.696141, -0.446687
2.64, 0.691655, -0.449828
2.65, 0.687138, -0.452928
2.66, 0.68259, -0.455988
2.67, 0.678011, -0.459007
2.68, 0.673402, -0.461985
2.69, 0.668763, -0.464923
2.7, 0.664095, -0.46782
2.71, 0.659398, -0.470676
2.72, 0.654673, -0.473492
2.73, 0.649919, -0.476266
2.74, 0.645138, -0.478999
2.75, 0.640329, -0.481691
2.76, 0.635494, -0.484343
2.77, 0.630632, -0.486953
2.78, 0.625744, -0.489521
2.79, 0.62083, -0.492049
2.8, 0.615891, -0.494535
2.81, 0.610927, -0.49698
2.82, 0.605939, -0.499384
2.83, 0.600927, -0.501747
2.84, 0.595891, -0.504068
2.85, 0.590832, -0.506347
2.86, 0.58575, -0.508586
2.87, 0.580646, -0.510783
2.88, 0.57552, -0.512938
2.89, 0.570373, -0.515052
2.9, 0.565204, -0.517125
2.91, 0.560015, -0.519156
2.92, 0.554806, -0.521146
2.93, 0.549576, -0.523095
2.94, 0.544328, -0.525002
2.95, 0.53906, -0.526868
2.96, 0.533774, -0.528692
2.97, 0.528469, -0.530475
2.98, 0.523147, -0.532216
2.99, 0.517807, -0.533917
3, 0.512451, -0.535576
3.01, 0.507077, -0.537193
3.02, 0.501688, -0.53877
3.03, 0.496283, -0.540305
3.04, 0.490863, -0.541799
3.05, 0.485428, -0.543252
3.06, 0.479978, -0.544663
3.07, 0.474515, -0.546034
3.08, 0.469037, -0.547364
3.09, 0.463547, -0.548652
3.1, 0.458044, -0.5499
3.11, 0.452528, -0.551107
3.12, 0.447, -0.552273
3.13, 0.441461, -0.553398
3.14, 0.43591, -0.554483
3.15, 0.430349, -0.555526
3.16, 0.424778, -0.55653
3.17, 0.419196, -0.557493
3.18, 0.413605, -0.558415
3.19, 0.408005, -0.559297
3.2, 0.402396, -0.560139
3.21, 0.396778, -0.56094
3.22, 0.391153, -0.561701
3.23, 0.38552, -0.562423
3.24, 0.37988, -0.563104
3.25, 0.374234, -0.563745
3.26, 0.368581, -0.564347
3.27, 0.362922, -0.564909
3.28, 0.357257, -0.565431
3.29, 0.351588, -0.565914
3.3, 0.345913, -0.566357
3.31, 0.340235, -0.566761
3.32, 0.334552, -0.567126
3.33, 0.328866, -0.567452
3.34, 0.323176, -0.567739
3.35, 0.317484, -0.567987
3.36, 0.31179, -0.568196
3.37, 0.306093, -0.568366
3.38, 0.300395, -0.568498
3.39, 0.294696, -0.568591
3.4, 0.288996, -0.568646
3.41, 0.283295, -0.568663
3.42, 0.277594, -0.568642
3.43, 0.271894, -0.568583
3.44, 0.266194, -0.568486
3.45, 0.260495, -0.568352
3.46, 0.254798, -0.568179
3.47, 0.249103, -0.56797
3.48, 0.243409, -0.567723
3.49, 0.237719, -0.567439
3.5, 0.232031, -0.567118
3.51, 0.226347, -0.566761
3.52, 0.220666, -0.566366
3.53, 0.214989, -0.565935
3.54, 0.209317, -0.565468
3.55, 0.203649, -0.564964
3.56, 0.197987, -0.564425
3.57, 0.19233, -0.563849
3.58, 0.186679, -0.563238
3.59, 0.181034, -0.562591
3.6, 0.175396, -0.561908
3.61, 0.169765, -0.56119
3.62, 0.164141, -0.560437
3.63, 0.158525, -0.55965
3.64, 0.152916, -0.558827
3.65, 0.147316, -0.55797
3.66, 0.141725, -0.557078
3.67, 0.136143, -0.556152
3.68, 0.13057, -0.555192
3.69, 0.125006, -0.554198
3.7, 0.119453, -0.55317
3.71, 0.11391, -0.552108
3.72, 0.108378, -0.551014
3.73, 0.102857, -0.549886
3.74, 0.0973476, -0.548725
3.75, 0.0918496, -0.547531
3.76, 0.0863638, -0.546304
3.77, 0.0808903, -0.545045
3.78, 0.0754295, -0.543754
3.79, 0.0699817, -0.542431
3.8, 0.0645473, -0.541076
3.81, 0.0591265, -0.539689
3.82, 0.0537197, -0.538271
3.83, 0.0483272, -0.536821
3.84, 0.0429494, -0.535341
3.85, 0.0375864, -0.533829
3.86, 0.0322387, -0.532287
3.87, 0.0269065, -0.530714
3.88, 0.0215902, -0.529111
3.89, 0.01629, -0.527478
3.9, 0.0110062, -0.525815
3.91, 0.00573918, -0.524123
3.92, 0.00048921, -0.522401
3.93, -0.00474343, -0.52065
3.94, -0.00995844, -0.51887
3.95, -0.0151555, -0.517061
3.96, -0.0203344, -0.515223
3.97, -0.0254948, -0.513357
3.98, -0.0306364, -0.511463
3.99, -0.035759, -0.509542
4, -0.0408622, -0.507592
4.01, -0.0459458, -0.505615
4.02, -0.0510096, -0.503611
4.03, -0.0560531, -0.501579
4.04, -0.0610763, -0.499521
4.05, -0.0660787, -0.497436
4.06, -0.0710602, -0.495325
4.07, -0.0760204, -0.493188
4.08, -0.0809592, -0.491025
4.09, -0.0858762, -0.488836
4.1, -0.0907712, -0.486622
4.11, -0.0956439, -0.484383
4.12, -0.100494, -0.482118
4.13, -0.105322, -0.479829
4.14, -0.110126, -0.477516
4.15, -0.114907, -0.475178
4.16, -0.119665, -0.472816
4.17, -0.124399, -0.47043
4.18, -0.129109, -0.468021
4.19, -0.133795, -0.465589
4.2, -0.138456, -0.463133
4.21, -0.143093, -0.460655
4.22, -0.147704, -0.458154
4.23, -0.152291, -0.455631
4.24, -0.156852, -0.453085
4.25, -0.161388, -0.450518
4.26, -0.165898, -0.447929
4.27, -0.170382, -0.445319
4.28, -0.17484, -0.442687
4.29, -0.179271, -0.440035
4.3, -0.183675, -0.437362
4.31, -0.188053, -0.434669
4.32, -0.192404, -0.431955
4.33, -0.196727, -0.429222
4.34, -0.201023, -0.426469
4.35, -0.205292, -0.423697
4.36, -0.209532, -0.420905
4.37, -0.213745, -0.418095
4.38, -0.217929, -0.415266
4.39, -0.222085, -0.412418
4.4, -0.226212, -0.409553
4.41, -0.230311, -0.406669
4.42, -0.23438, -0.403768
4.43, -0.238421, -0.40085
4.44, -0.242432, -0.397914
4.45, -0.246414, -0.394961
4.46, -0.250366, -0.391992
4.47, -0.254288, -0.389007
4.48, -0.25818, -0.386005
4.49, -0.262042, -0.382988
4.5, -0.265874, -0.379954
4.51, -0.269675, -0.376906
4.52, -0.273446, -0.373842
4.53, -0.277186, -0.370764
4.54, -0.280895, -0.367671
4.55, -0.284574, -0.364564
4.56, -0.28822, -0.361442
4.57, -0.291836, -0.358307
4.58, -0.29542, -0.355158
4.59, -0.298973, -0.351996
4.6, -0.302493, -0.34882
4.61, -0.305982, -0.345632
4.62, -0.309439, -0.342432
4.63, -0.312864, -0.339219
4.64, -0.316257, -0.335994
4.65, -0.319617, -0.332757
4.66, -0.322945, -0.329509
4.67, -0.32624, -0.326249
4.68, -0.329502, -0.322979
4.69, -0.332732, -0.319698
4.7, -0.335929, -0.316406
4.71, -0.339092, -0.313104
4.72, -0.342223, -0.309792
4.73, -0.34532, -0.30647
4.74, -0.348384, -0.303138
4.75, -0.351415, -0.299798
4.76, -0.354412, -0.296448
4.77, -0.357375, -0.29309
4.78, -0.360305, -0.289723
4.79, -0.363201, -0.286348
4.8, -0.366063, -0.282965
4.81, -0.368891, -0.279575
4.82, -0.371686, -0.276176
4.83, -0.374446, -0.272771
4.84, -0.377172, -0.269359
4.85, -0.379863, -0.26594
4.86, -0.382521, -0.262514
4.87, -0.385144, -0.259082
4.88, -0.387733, -0.255645
4.89, -0.390287, -0.252201
4.9, -0.392807, -0.248753
4.91, -0.395292, -0.245298
4.92, -0.397742, -0.241839
4.93, -0.400158, -0.238376
4.94, -0.402539, -0.234907
4.95, -0.404885, -0.231435
4.96, -0.407196, -0.227959
4.97, -0.409473, -0.224478
4.98, -0.411715, -0.220995
4.99, -0.413921, -0.217508
5, -0.416093, -0.214018
5.01, -0.41823, -0.210525
5.02, -0.420332, -0.20703
5.03, -0.422398, -0.203533
5.04, -0.42443, -0.200033
5.05, -0.426427, -0.196532
5.06, -0.428388, -0.193029
5.07, -0.430314, -0.189525
5.08, -0.432206, -0.18602
5.09, -0.434062, -0.182514
5.1, -0.435883, -0.179007
5.11, -0.437668, -0.1755
5.12, -0.439419, -0.171993
5.13, -0.441134, -0.168486
5.14, -0.442815, -0.164979
5.15, -0.44446, -0.161473
5.16, -0.44607, -0.157968
5.17, -0.447645, -0.154463
5.18, -0.449184, -0.15096
5.19, -0.450689, -0.147459
5.2, -0.452159, -0.143959
5.21, -0.453593, -0.140461
5.22, -0.454992, -0.136966
5.23, -0.456357, -0.133472
5.24, -0.457686, -0.129982
5.25, -0.45898, -0.126494
5.26, -0.46024, -0.12301
5.27, -0.461464, -0.119528
5.28, -0.462654, -0.11605
5.29, -0.463808, -0.112576
5.3, -0.464928, -0.109106
5.31, -0.466013, -0.10564
5.32, -0.467064, -0.102179
5.33, -0.468079, -0.098722
5.34, -0.469061, -0.0952699
5.35, -0.470007, -0.091823
5.36, -0.470919, -0.0883812
5.37, -0.471796, -0.084945
5.38, -0.472639, -0.0815145
5.39, -0.473448, -0.0780898
5.4, -0.474222, -0.0746713
5.41, -0.474962, -0.0712591
5.42, -0.475668, -0.0678534
5.43, -0.47634, -0.0644544
5.44, -0.476978, -0.0610624
5.45, -0.477581, -0.0576775
5.46, -0.478151, -0.0543
5.47, -0.478687, -0.05093
5.48, -0.479189, -0.0475678
5.49, -0.479658, -0.0442135
5.5, -0.480092, -0.0408673
5.51, -0.480494, -0.0375295
5.52, -0.480862, -0.0342002
5.53, -0.481196, -0.0308796
5.54, -0.481497, -0.027568
5.55, -0.481766, -0.0242655
5.56, -0.482001, -0.0209722
5.57, -0.482203, -0.0176885
5.58, -0.482372, -0.0144145
5.59, -0.482508, -0.0111503
5.6, -0.482612, -0.00789616
5.61, -0.482683, -0.00465227
5.62, -0.482721, -0.0014188
5.63, -0.482728, 0.00180406
5.64, -0.482701, 0.00501615
5.65, -0.482643, 0.00821727
5.66, -0.482553, 0.0114073
5.67, -0.48243, 0.0145859
5.68, -0.482276, 0.0177531
5.69, -0.48209, 0.0209086
5.7, -0.481873, 0.0240523
5.71, -0.481624, 0.027184
5.72, -0.481344, 0.0303035
5.73, -0.481032, 0.0334106
5.74, -0.48069, 0.0365052
5.75, -0.480316, 0.0395872
5.76, -0.479911, 0.0426563
5.77, -0.479476, 0.0457124
5.78, -0.47901, 0.0487554
5.79, -0.478514, 0.051785
5.8, -0.477987, 0.0548012
5.81, -0.47743, 0.0578037
5.82, -0.476843, 0.0607924
5.83, -0.476226, 0.0637671
5.84, -0.47558, 0.0667278
5.85, -0.474904, 0.0696742
5.86, -0.474198, 0.0726062
5.87, -0.473463, 0.0755236
5.88, -0.472698, 0.0784264
5.89, -0.471905, 0.0813143
5.9, -0.471082, 0.0841872
5.91, -0.470231, 0.0870449
5.92, -0.469352, 0.0898875
5.93, -0.468443, 0.0927146
5.94, -0.467507, 0.0955261
5.95, -0.466542, 0.098322
5.96, -0.46555, 0.101102
5.97, -0.464529, 0.103866
5.98, -0.463481, 0.106614
5.99, -0.462405, 0.109346
6, -0.461302, 0.112061
6.01, -0.460172, 0.11476
6.02, -0.459015, 0.117443
6.03, -0.457831, 0.120108
6.04, -0.45662, 0.122757
6.05, -0.455383, 0.125389
6.06, -0.45412, 0.128004
6.07, -0.45283, 0.130601
6.08, -0.451514, 0.133182
6.09, -0.450173, 0.135744
6.1, -0.448806, 0.13829
6.11, -0.447413, 0.140817
6.12, -0.445995, 0.143327
6.13, -0.444552, 0.145819
6.14, -0.443084, 0.148293
6.15, -0.441591, 0.150749
6.16, -0.440074, 0.153186
6.17, -0.438532, 0.155606
6.18, -0.436966, 0.158007
6.19, -0.435376, 0.160389
6.2, -0.433762, 0.162753
6.21, -0.432125, 0.165098
6.22, -0.430464, 0.167424
6.23, -0.42878, 0.169732
6.24, -0.427073, 0.17202
6.25, -0.425342, 0.17429
6.26, -0.42359, 0.17654
6.27, -0.421814, 0.178771
6.28, -0.420016, 0.180983
6.29, -0.418197, 0.183175
6.3, -0.416355, 0.185348
6.31, -0.414491, 0.187501
6.32, -0.412606, 0.189634
6.33, -0.4107, 0.191748
6.34, -0.408773, 0.193842
6.35, -0.406824, 0.195916
6.36, -0.404855, 0.197971
6.37, -0.402865, 0.200005
6.38, -0.400855, 0.202019
6.39, -0.398825, 0.204013
6.4, -0.396775, 0.205986
6.41, -0.394705, 0.20794
6.42, -0.392616, 0.209873
6.43, -0.390507, 0.211785
6.44, -0.388379, 0.213677
6.45, -0.386232, 0.215549
6.46, -0.384067, 0.2174
6.47, -0.381883, 0.21923
6.48, -0.37968, 0.22104
6.49, -0.37746, 0.222829
6.5, -0.375222, 0.224597
6.51, -0.372966, 0.226344
6.52, -0.370693, 0.22807
6.53, -0.368402, 0.229775
6.54, -0.366094, 0.23146
6.55, -0.36377, 0.233123
6.56, -0.361429, 0.234765
6.57, -0.359071, 0.236386
6.58, -0.356697, 0.237986
6.59, -0.354308, 0.239565
6.6, -0.351902, 0.241122
6.61, -0.349481, 0.242659
6.62, -0.347045, 0.244174
6.63, -0.344593, 0.245667
6.64, -0.342127, 0.247139
6.65, -0.339645, 0.24859
6.66, -0.33715, 0.25002
6.67, -0.33464, 0.251428
6.68, -0.332116, 0.252814
6.69, -0.329578, 0.254179
6.7, -0.327026, 0.255523
6.71, -0.324462, 0.256845
6.72, -0.321883, 0.258145
6.73, -0.319292, 0.259424
6.74, -0.316689, 0.260681
6.75, -0.314072, 0.261917
6.76, -0.311443, 0.263131
6.77, -0.308803, 0.264324
6.78, -0.30615, 0.265495
6.79, -0.303485, 0.266644
6.8, -0.300809, 0.267772
6.81, -0.298122, 0.268878
6.82, -0.295424, 0.269963
6.83, -0.292715, 0.271025
6.84, -0.289995, 0.272067
6.85, -0.287266, 0.273086
6.86, -0.284525, 0.274084
6.87, -0.281775, 0.275061
6.88, -0.279015, 0.276015
6.89, -0.276246, 0.276948
6.9, -0.273467, 0.27786
6.91, -0.27068, 0.27875
6.92, -0.267883, 0.279618
6.93, -0.265078, 0.280465
6.94, -0.262264, 0.28129
6.95, -0.259442, 0.282094
6.96, -0.256612, 0.282876
6.97, -0.253775, 0.283637
6.98, -0.250929, 0.284376
6.99, -0.248077, 0.285094
7, -0.245217, 0.285791
7.01, -0.24235, 0.286466
7.02, -0.239477, 0.287119
7.03, -0.236597, 0.287751
7.04, -0.233711, 0.288362
7.05, -0.230818, 0.288952
7.06, -0.22792, 0.28952
7.07, -0.225016, 0.290067
7.08, -0.222107, 0.290593
7.09, -0.219193, 0.291098
7.1, -0.216273, 0.291582
7.11, -0.213349, 0.292044
7.12, -0.21042, 0.292486
7.13, -0.207487, 0.292906
7.14, -0.20455, 0.293306
7.15, -0.201608, 0.293685
7.16, -0.198663, 0.294042
7.17, -0.195715, 0.294379
7.18, -0.192763, 0.294695
7.19, -0.189808, 0.294991
7.2, -0.18685, 0.295266
7.21, -0.183889, 0.29552
7.22, -0.180926, 0.295753
7.23, -0.177961, 0.295966
7.24, -0.174993, 0.296158
7.25, -0.172024, 0.29633
7.26, -0.169053, 0.296482
7.27, -0.16608, 0.296613
7.28, -0.163106, 0.296724
7.29, -0.160132, 0.296815
7.3, -0.157156, 0.296886
7.31, -0.154179, 0.296937
7.32, -0.151203, 0.296967
7.33, -0.148226, 0.296978
7.34, -0.145248, 0.296969
7.35, -0.142271, 0.29694
7.36, -0.139295, 0.296891
7.37, -0.136319, 0.296823
7.38, -0.133343, 0.296735
7.39, -0.130369, 0.296627
7.4, -0.127395, 0.2965
7.41, -0.124423, 0.296353
7.42, -0.121453, 0.296188
7.43, -0.118484, 0.296003
7.44, -0.115517, 0.295798
7.45, -0.112552, 0.295575
7.46, -0.10959, 0.295333
7.47, -0.10663, 0.295072
7.48, -0.103672, 0.294792
7.49, -0.100718, 0.294493
7.5, -0.0977665, 0.294175
7.51, -0.0948183, 0.293839
7.52, -0.0918735, 0.293484
7.53, -0.0889322, 0.293111
7.54, -0.0859948, 0.29272
7.55, -0.0830614, 0.29231
7.56, -0.080132, 0.291882
7.57, -0.0772071, 0.291436
7.58, -0.0742866, 0.290972
7.59, -0.0713709, 0.29049
7.6, -0.06846, 0.28999
7.61, -0.0655542, 0.289473
7.62, -0.0626536, 0.288938
7.63, -0.0597584, 0.288385
7.64, -0.0568688, 0.287815
7.65, -0.0539849, 0.287227
7.66, -0.051107, 0.286623
7.67, -0.0482352, 0.286001
7.68, -0.0453697, 0.285362
7.69, -0.0425106, 0.284706
7.7, -0.0396581, 0.284033
7.71, -0.0368125, 0.283344
7.72, -0.0339737, 0.282638
7.73, -0.0311421, 0.281915
7.74, -0.0283178, 0.281176
7.75, -0.0255009, 0.28042
7.76, -0.0226917, 0.279648
7.77, -0.0198902, 0.278861
7.78, -0.0170967, 0.278057
7.79, -0.0143112, 0.277237
7.8, -0.011534, 0.276401
7.81, -0.00876528, 0.27555
7.82, -0.00600509, 0.274683
7.83, -0.00325362, 0.2738
7.84, -0.000511048, 0.272903
7.85, 0.00222249, 0.27199
7.86, 0.00494684, 0.271061
7.87, 0.00766184, 0.270118
7.88, 0.0103673, 0.26916
7.89, 0.0130632, 0.268187
7.9, 0.0157493, 0.267199
7.91, 0.0184254, 0.266197
7.92, 0.0210915, 0.26518
7.93, 0.0237473, 0.264149
7.94, 0.0263927, 0.263103
7.95, 0.0290277, 0.262044
7.96, 0.031652, 0.26097
7.97, 0.0342654, 0.259883
7.98, 0.036868, 0.258782
7.99, 0.0394595, 0.257667
8, 0.0420397, 0.256538
8.01, 0.0446086, 0.255396
8.02, 0.0471661, 0.254241
8.03, 0.0497119, 0.253073
8.04, 0.052246, 0.251892
8.05, 0.0547682, 0.250698
8.06, 0.0572784, 0.249491
8.07, 0.0597764, 0.248271
8.08, 0.0622622, 0.247039
8.09, 0.0647357, 0.245794
8.1, 0.0671966, 0.244537
8.11, 0.0696449, 0.243268
8.12, 0.0720804, 0.241986
8.13, 0.074503, 0.240693
8.14, 0.0769127, 0.239388
8.15, 0.0793093, 0.238071
8.16, 0.0816926, 0.236743
8.17, 0.0840626, 0.235403
8.18, 0.0864191, 0.234053
8.19, 0.088762, 0.23269
8.2, 0.0910913, 0.231317
8.21, 0.0934068, 0.229933
8.22, 0.0957083, 0.228538
8.23, 0.0979959, 0.227133
8.24, 0.100269, 0.225717
8.25, 0.102529, 0.22429
8.26, 0.104773, 0.222853
8.27, 0.107004, 0.221406
8.28, 0.10922, 0.219949
8.29, 0.111421, 0.218483
8.3, 0.113608, 0.217006
8.31, 0.115779, 0.21552
8.32, 0.117936, 0.214024
8.33, 0.120078, 0.212519
8.34, 0.122205, 0.211005
8.35, 0.124316, 0.209482
8.36, 0.126412, 0.20795
8.37, 0.128493, 0.206408
8.38, 0.130559, 0.204859
8.39, 0.132608, 0.2033
8.4, 0.134643, 0.201734
8.41, 0.136661, 0.200158
8.42, 0.138664, 0.198575
8.43, 0.14065, 0.196984
8.44, 0.142621, 0.195385
8.45, 0.144576, 0.193778
8.46, 0.146514, 0.192163
8.47, 0.148437, 0.190541
8.48, 0.150343, 0.188912
8.49, 0.152233, 0.187275
8.5, 0.154106, 0.185631
8.51, 0.155963, 0.18398
8.52, 0.157803, 0.182323
8.53, 0.159626, 0.180658
8.54, 0.161433, 0.178987
8.55, 0.163224, 0.17731
8.56, 0.164997, 0.175627
8.57, 0.166753, 0.173937
8.58, 0.168493, 0.172241
8.59, 0.170215, 0.170539
8.6, 0.17192, 0.168832
8.61, 0.173609, 0.167119
8.62, 0.17528, 0.1654
8.63, 0.176934, 0.163676
8.64, 0.17857, 0.161947
8.65, 0.180189, 0.160213
8.66, 0.181791, 0.158473
8.67, 0.183375, 0.156729
8.68, 0.184942, 0.15498
8.69, 0.186491, 0.153227
8.7, 0.188023, 0.151469
8.71, 0.189537, 0.149707
8.72, 0.191034, 0.147941
8.73, 0.192512, 0.14617
8.74, 0.193973, 0.144396
8.75, 0.195416, 0.142618
8.76, 0.196842, 0.140836
8.77, 0.198249, 0.139051
8.78, 0.199638, 0.137262
8.79, 0.20101, 0.13547
8.8, 0.202364, 0.133675
8.81, 0.203699, 0.131877
8.82, 0.205017, 0.130076
8.83, 0.206316, 0.128273
8.84, 0.207598, 0.126467
8.85, 0.208861, 0.124658
8.86, 0.210106, 0.122847
8.87, 0.211333, 0.121034
8.88, 0.212542, 0.119218
8.89, 0.213732, 0.117401
8.9, 0.214905, 0.115582
8.91, 0.216059, 0.113761
8.92, 0.217195, 0.111939
8.93, 0.218313, 0.110115
8.94, 0.219412, 0.10829
8.95, 0.220493, 0.106463
8.96, 0.221556, 0.104636
8.97, 0.2226, 0.102807
8.98, 0.223626, 0.100978
8.99, 0.224634, 0.0991481
9, 0.225623, 0.0973176
9.01, 0.226594, 0.0954866
9.02, 0.227547, 0.0936553
9.03, 0.228481, 0.0918239
9.04, 0.229397, 0.0899923
9.05, 0.230295, 0.0881608
9.06, 0.231174, 0.0863294
9.07, 0.232035, 0.0844984
9.08, 0.232877, 0.0826677
9.09, 0.233701, 0.0808376
9.1, 0.234507, 0.0790081
9.11, 0.235295, 0.0771794
9.12, 0.236064, 0.0753516
9.13, 0.236815, 0.0735248
9.14, 0.237547, 0.0716991
9.15, 0.238261, 0.0698747
9.16, 0.238957, 0.0680517
9.17, 0.239635, 0.0662301
9.18, 0.240294, 0.0644101
9.19, 0.240936, 0.0625919
9.2, 0.241558, 0.0607755
9.21, 0.242163, 0.058961
9.22, 0.24275, 0.0571486
9.23, 0.243318, 0.0553383
9.24, 0.243868, 0.0535304
9.25, 0.2444, 0.0517249
9.26, 0.244915, 0.0499218
9.27, 0.24541, 0.0481214
9.28, 0.245888, 0.0463238
9.29, 0.246348, 0.044529
9.3, 0.24679, 0.0427371
9.31, 0.247214, 0.0409484
9.32, 0.24762, 0.0391628
9.33, 0.248008, 0.0373805
9.34, 0.248379, 0.0356016
9.35, 0.248731, 0.0338262
9.36, 0.249066, 0.0320544
9.37, 0.249383, 0.0302863
9.38, 0.249682, 0.0285221
9.39, 0.249963, 0.0267617
9.4, 0.250227, 0.0250055
9.41, 0.250474, 0.0232533
9.42, 0.250702, 0.0215054
9.43, 0.250914, 0.0197619
9.44, 0.251107, 0.0180228
9.45, 0.251284, 0.0162882
9.46, 0.251443, 0.0145583
9.47, 0.251584, 0.0128332
9.48, 0.251709, 0.0111129
9.49, 0.251816, 0.0093975
9.5, 0.251906, 0.00768719
9.51, 0.251979, 0.00598203
9.52, 0.252034, 0.0042821
9.53, 0.252073, 0.00258751
9.54, 0.252095, 0.000898357
9.55, 0.252099, -0.00078527
9.56, 0.252087, -0.00246327
9.57, 0.252059, -0.00413556
9.58, 0.252013, -0.00580204
9.59, 0.251951, -0.00746262
9.6, 0.251872, -0.00911721
9.61, 0.251776, -0.0107657
9.62, 0.251664, -0.012408
9.63, 0.251536, -0.0140441
9.64, 0.251391, -0.0156738
9.65, 0.25123, -0.0172971
9.66, 0.251052, -0.0189139
9.67, 0.250858, -0.020524
9.68, 0.250649, -0.0221274
9.69, 0.250423, -0.0237241
9.7, 0.250181, -0.0253139
9.71, 0.249923, -0.0268967
9.72, 0.24965, -0.0284725
9.73, 0.24936, -0.0300412
9.74, 0.249055, -0.0316027
9.75, 0.248735, -0.0331569
9.76, 0.248398, -0.0347038
9.77, 0.248047, -0.0362432
9.78, 0.247679, -0.0377751
9.79, 0.247297, -0.0392994
9.8, 0.246899, -0.0408161
9.81, 0.246486, -0.042325
9.82, 0.246058, -0.0438261
9.83, 0.245615, -0.0453193
9.84, 0.245157, -0.0468045
9.85, 0.244684, -0.0482816
9.86, 0.244196, -0.0497507
9.87, 0.243694, -0.0512116
9.88, 0.243177, -0.0526642
9.89, 0.242645, -0.0541085
9.9, 0.242099, -0.0555444
9.91, 0.241539, -0.0569718
9.92, 0.240964, -0.0583908
9.93, 0.240376, -0.0598011
9.94, 0.239773, -0.0612027
9.95, 0.239155, -0.0625956
9.96, 0.238524, -0.0639798
9.97, 0.23788, -0.0653551
9.98, 0.237221, -0.0667214
9.99, 0.236549, -0.0680788
10, 0.235863, -0.0694271
10.01, 0.235164, -0.0707664
10.02, 0.234451, -0.0720965
10.03, 0.233725, -0.0734173
10.04, 0.232986, -0.0747289
10.05, 0.232233, -0.0760312
10.06, 0.231468, -0.077324
10.07, 0.230689, -0.0786074
10.08, 0.229898, -0.0798814
10.09, 0.229094, -0.0811457
10.1, 0.228278, -0.0824005
10.11, 0.227448, -0.0836456
10.12, 0.226607, -0.084881
10.13, 0.225753, -0.0861066
10.14, 0.224886, -0.0873224
10.15, 0.224008, -0.0885284
10.16, 0.223118, -0.0897245
10.17, 0.222215, -0.0909106
10.18, 0.221301, -0.0920867
10.19, 0.220375, -0.0932528
10.2, 0.219437, -0.0944087
10.21, 0.218488, -0.0955546
10.22, 0.217527, -0.0966902
10.23, 0.216555, -0.0978157
10.24, 0.215571, -0.0989309
10.25, 0.214577, -0.100036
10.26, 0.213571, -0.10113
10.27, 0.212555, -0.102214
10.28, 0.211527, -0.103288
10.29, 0.210489, -0.104351
10.3, 0.209441, -0.105404
10.31, 0.208381, -0.106447
10.32, 0.207312, -0.107478
10.33, 0.206232, -0.108499
10.34, 0.205141, -0.10951
10.35, 0.204041, -0.11051
10.36, 0.202931, -0.111499
10.37, 0.201811, -0.112477
10.38, 0.200681, -0.113445
10.39, 0.199541, -0.114402
10.4, 0.198392, -0.115348
10.41, 0.197233, -0.116283
10.42, 0.196065, -0.117207
10.43, 0.194888, -0.118121
10.44, 0.193701, -0.119023
10.45, 0.192506, -0.119915
10.46, 0.191301, -0.120796
10.47, 0.190088, -0.121665
10.48, 0.188866, -0.122524
10.49, 0.187636, -0.123372
10.5, 0.186397, -0.124208
10.51, 0.18515, -0.125034
10.52, 0.183894, -0.125848
10.53, 0.182631, -0.126651
10.54, 0.181359, -0.127443
10.55, 0.18008, -0.128225
10.56, 0.178792, -0.128994
10.57, 0.177497, -0.129753
10.58, 0.176195, -0.130501
10.59, 0.174885, -0.131237
10.6, 0.173567, -0.131962
10.61, 0.172242, -0.132676
10.62, 0.170911, -0.133379
10.63, 0.169572, -0.13407
10.64, 0.168226, -0.134751
10.65, 0.166873, -0.135419
10.66, 0.165514, -0.136077
10.67, 0.164148, -0.136724
10.68, 0.162776, -0.137359
10.69, 0.161398, -0.137983
10.7, 0.160013, -0.138595
10.71, 0.158622, -0.139196
10.72, 0.157225, -0.139786
10.73, 0.155822, -0.140365
10.74, 0.154414, -0.140933
10.75, 0.152999, -0.141489
10.76, 0.15158, -0.142033
10.77, 0.150154, -0.142567
10.78, 0.148724, -0.143089
10.79, 0.147288, -0.1436
10.8, 0.145847, -0.1441
10.81, 0.144402, -0.144588
10.82, 0.142951, -0.145065
10.83, 0.141496, -0.145531
10.84, 0.140035, -0.145986
10.85, 0.138571, -0.146429
10.86, 0.137102, -0.146861
10.87, 0.135628, -0.147282
10.88, 0.134151, -0.147691
10.89, 0.132669, -0.14809
10.9, 0.131184, -0.148477
10.91, 0.129694, -0.148853
10.92, 0.128201, -0.149217
10.93, 0.126705, -0.149571
10.94, 0.125204, -0.149913
10.95, 0.123701, -0.150245
10.96, 0.122194, -0.150565
10.97, 0.120683, -0.150874
10.98, 0.11917, -0.151171
10.99, 0.117654, -0.151458
11, 0.116135, -0.151734
11.01, 0.114613, -0.151999
11.02, 0.113089, -0.152252
11.03, 0.111562, -0.152495
11.04, 0.110032, -0.152726
11.05, 0.108501, -0.152947
11.06, 0.106967, -0.153157
11.07, 0.105431, -0.153356
11.08, 0.103893, -0.153543
11.09, 0.102354, -0.15372
11.1, 0.100812, -0.153886
11.11, 0.0992691, -0.154042
11.12, 0.0977245, -0.154186
11.13, 0.0961785, -0.15432
11.14, 0.0946311, -0.154443
11.15, 0.0930826, -0.154555
11.16, 0.0915329, -0.154656
11.17, 0.0899823, -0.154747
11.18, 0.0884308, -0.154827
11.19, 0.0868785, -0.154897
11.2, 0.0853255, -0.154956
11.21, 0.0837719, -0.155004
11.22, 0.0822179, -0.155042
11.23, 0.0806636, -0.15507
11.24, 0.079109, -0.155087
11.25, 0.0775542, -0.155093
11.26, 0.0759995, -0.155089
11.27, 0.0744447, -0.155075
11.28, 0.0728902, -0.155051
11.29, 0.0713359, -0.155016
11.3, 0.069782, -0.154971
11.31, 0.0682286, -0.154916
11.32, 0.0666757, -0.15485
11.33, 0.0651235, -0.154775
11.34, 0.0635722, -0.154689
11.35, 0.0620217, -0.154593
11.36, 0.0604721, -0.154488
11.37, 0.0589237, -0.154372
11.38, 0.0573765, -0.154246
11.39, 0.0558305, -0.154111
11.4, 0.0542859, -0.153966
11.41, 0.0527428, -0.15381
11.42, 0.0512013, -0.153646
11.43, 0.0496614, -0.153471
11.44, 0.0481234, -0.153287
11.45, 0.0465872, -0.153093
11.46, 0.0450529, -0.152889
11.47, 0.0435208, -0.152676
11.48, 0.0419908, -0.152453
11.49, 0.040463, -0.152221
11.5, 0.0389376, -0.15198
11.51, 0.0374147, -0.151729
11.52, 0.0358943, -0.151469
11.53, 0.0343765, -0.151199
11.54, 0.0328614, -0.150921
11.55, 0.0313492, -0.150633
11.56, 0.0298398, -0.150336
11.57, 0.0283335, -0.15003
11.58, 0.0268302, -0.149715
11.59, 0.0253302, -0.149391
11.6, 0.0238334, -0.149059
11.61, 0.0223399, -0.148717
11.62, 0.0208499, -0.148366
11.63, 0.0193635, -0.148007
11.64, 0.0178806, -0.147639
11.65, 0.0164015, -0.147262
11.66, 0.0149262, -0.146877
11.67, 0.0134547, -0.146483
11.68, 0.0119873, -0.146081
11.69, 0.0105238, -0.145671
11.7, 0.00906455, -0.145252
11.71, 0.00760949, -0.144824
11.72, 0.00615873, -0.144389
11.73, 0.00471236, -0.143945
11.74, 0.00327046, -0.143493
11.75, 0.00183311, -0.143033
11.76, 0.000400395, -0.142564
11.77, -0.00102761, -0.142088
11.78, -0.00245082, -0.141604
11.79, -0.00386916, -0.141112
11.8, -0.00528255, -0.140613
11.81, -0.0066909, -0.140105
11.82, -0.00809416, -0.13959
11.83, -0.00949223, -0.139067
11.84, -0.010885, -0.138537
11.85, -0.0122725, -0.137999
11.86, -0.0136546, -0.137454
11.87, -0.0150312, -0.136901
11.88, -0.0164022, -0.136341
11.89, -0.0177676, -0.135774
11.9, -0.0191273, -0.1352
11.91, -0.0204812, -0.134618
11.92, -0.0218292, -0.13403
11.93, -0.0231714, -0.133434
11.94, -0.0245075, -0.132831
11.95, -0.0258376, -0.132222
11.96, -0.0271616, -0.131606
11.97, -0.0284794, -0.130982
11.98, -0.0297909, -0.130353
11.99, -0.0310961, -0.129716
12, -0.0323948, -0.129073
12.01, -0.0336872, -0.128424
12.02, -0.034973, -0.127768
12.03, -0.0362522, -0.127106
12.04, -0.0375247, -0.126437
12.05, -0.0387906, -0.125763
12.06, -0.0400496, -0.125082
12.07, -0.0413018, -0.124395
12.08, -0.0425471, -0.123701
12.09, -0.0437855, -0.123002
12.1, -0.0450168, -0.122297
12.11, -0.046241, -0.121587
12.12, -0.0474581, -0.12087
12.13, -0.048668, -0.120148
12.14, -0.0498707, -0.11942
12.15, -0.051066, -0.118686
12.16, -0.052254, -0.117947
12.17, -0.0534346, -0.117203
12.18, -0.0546076, -0.116453
12.19, -0.0557732, -0.115698
12.2, -0.0569311, -0.114937
12.21, -0.0580814, -0.114172
12.22, -0.0592241, -0.113401
12.23, -0.060359, -0.112626
12.24, -0.0614861, -0.111845
12.25, -0.0626053, -0.111059
12.26, -0.0637167, -0.110269
12.27, -0.0648202, -0.109474
12.28, -0.0659156, -0.108674
12.29, -0.0670031, -0.10787
12.3, -0.0680824, -0.107061
12.31, -0.0691537, -0.106247
12.32, -0.0702168, -0.10543
12.33, -0.0712716, -0.104607
12.34, -0.0723182, -0.103781
12.35, -0.0733566, -0.10295
12.36, -0.0743865, -0.102116
12.37, -0.0754081, -0.101277
12.38, -0.0764213, -0.100434
12.39, -0.077426, -0.0995871
12.4, -0.0784223, -0.0987365
12.41, -0.07941, -0.0978821
12.42, -0.0803891, -0.097024
12.43, -0.0813596, -0.0961623
12.44, -0.0823214, -0.0952969
12.45, -0.0832746, -0.0944281
12.46, -0.084219, -0.0935558
12.47, -0.0851547, -0.0926802
12.48, -0.0860816, -0.0918012
12.49, -0.0869997, -0.090919
12.5, -0.087909, -0.0900337
12.51, -0.0888093, -0.0891453
12.52, -0.0897008, -0.0882539
12.53, -0.0905833, -0.0873595
12.54, -0.0914568, -0.0864622
12.55, -0.0923213, -0.0855621
12.56, -0.0931768, -0.0846593
12.57, -0.0940233, -0.0837538
12.58, -0.0948606, -0.0828458
12.59, -0.0956889, -0.0819351
12.6, -0.096508, -0.0810221
12.61, -0.0973179, -0.0801066
12.62, -0.0981187, -0.0791888
12.63, -0.0989102, -0.0782687
12.64, -0.0996926, -0.0773465
12.65, -0.100466, -0.0764221
12.66, -0.101229, -0.0754957
12.67, -0.101984, -0.0745673
12.68, -0.102729, -0.073637
12.69, -0.103465, -0.0727048
12.7, -0.104192, -0.0717709
12.71, -0.104909, -0.0708353
12.72, -0.105617, -0.069898
12.73, -0.106315, -0.0689592
12.74, -0.107004, -0.0680188
12.75, -0.107683, -0.067077
12.76, -0.108353, -0.0661339
12.77, -0.109014, -0.0651895
12.78, -0.109665, -0.0642438
12.79, -0.110307, -0.0632969
12.8, -0.110939, -0.062349
12.81, -0.111562, -0.0614
12.82, -0.112175, -0.0604501
12.83, -0.112779, -0.0594992
12.84, -0.113373, -0.0585476
12.85, -0.113957, -0.0575951
12.86, -0.114532, -0.056642
12.87, -0.115098, -0.0556883
12.88, -0.115654, -0.0547339
12.89, -0.1162, -0.0537791
12.9, -0.116737, -0.0528238
12.91, -0.117264, -0.0518682
12.92, -0.117781, -0.0509123
12.93, -0.118289, -0.0499561
12.94, -0.118788, -0.0489997
12.95, -0.119277, -0.0480433
12.96, -0.119756, -0.0470868
12.97, -0.120225, -0.0461303
12.98, -0.120685, -0.0451738
12.99, -0.121136, -0.0442176
13, -0.121577, -0.0432615
13.01, -0.122008, -0.0423057
13.02, -0.12243, -0.0413503
13.03, -0.122842, -0.0403952
13.04, -0.123245, -0.0394406
13.05, -0.123638, -0.0384865
13.06, -0.124021, -0.0375331
13.07, -0.124395, -0.0365802
13.08, -0.124759, -0.0356281
13.09, -0.125114, -0.0346767
13.1, -0.125459, -0.0337262
13.11, -0.125795, -0.0327765
13.12, -0.126121, -0.0318278
13.13, -0.126438, -0.0308801
13.14, -0.126745, -0.0299335
13.15, -0.127043, -0.028988
13.16, -0.127331, -0.0280437
13.17, -0.12761, -0.0271007
13.18, -0.127879, -0.026159
13.19, -0.128139, -0.0252186
13.2, -0.12839, -0.0242796
13.21, -0.128631, -0.0233422
13.22, -0.128862, -0.0224063
13.23, -0.129085, -0.021472
13.24, -0.129297, -0.0205393
13.25, -0.129501, -0.0196083
13.26, -0.129695, -0.0186792
13.27, -0.12988, -0.0177518
13.28, -0.130056, -0.0168263
13.29, -0.130222, -0.0159028
13.3, -0.130379, -0.0149812
13.31, -0.130527, -0.0140618
13.32, -0.130666, -0.0131444
13.33, -0.130795, -0.0122291
13.34, -0.130916, -0.0113161
13.35, -0.131027, -0.0104053
13.36, -0.131129, -0.00949688
13.37, -0.131222, -0.0085908
13.38, -0.131306, -0.00768715
13.39, -0.131381, -0.00678597
13.4, -0.131446, -0.00588733
13.41, -0.131503, -0.00499126
13.42, -0.131551, -0.00409782
13.43, -0.13159, -0.00320706
13.44, -0.13162, -0.00231904
13.45, -0.131641, -0.00143379
13.46, -0.131653, -0.000551384
13.47, -0.131656, 0.000328142
13.48, -0.131651, 0.00120474
13.49, -0.131636, 0.00207835
13.5, -0.131613, 0.00294894
13.51, -0.131582, 0.00381645
13.52, -0.131541, 0.00468083
13.53, -0.131492, 0.00554204
13.54, -0.131435, 0.00640003
13.55, -0.131368, 0.00725476
13.56, -0.131293, 0.00810617
13.57, -0.13121, 0.00895423
13.58, -0.131118, 0.00979888
13.59, -0.131018, 0.0106401
13.6, -0.130909, 0.0114778
13.61, -0.130792, 0.012312
13.62, -0.130666, 0.0131425
13.63, -0.130533, 0.0139695
13.64, -0.13039, 0.0147928
13.65, -0.13024, 0.0156124
13.66, -0.130082, 0.0164282
13.67, -0.129915, 0.0172402
13.68, -0.12974, 0.0180484
13.69, -0.129557, 0.0188527
13.7, -0.129366, 0.0196531
13.71, -0.129167, 0.0204496
13.72, -0.12896, 0.021242
13.73, -0.128745, 0.0220304
13.74, -0.128522, 0.0228147
13.75, -0.128292, 0.0235949
13.76, -0.128053, 0.0243709
13.77, -0.127807, 0.0251427
13.78, -0.127553, 0.0259103
13.79, -0.127291, 0.0266736
13.8, -0.127022, 0.0274327
13.81, -0.126745, 0.0281873
13.82, -0.126461, 0.0289376
13.83, -0.126169, 0.0296835
13.84, -0.125869, 0.0304249
13.85, -0.125562, 0.0311619
13.86, -0.125248, 0.0318943
13.87, -0.124927, 0.0326222
13.88, -0.124598, 0.0333454
13.89, -0.124262, 0.0340641
13.9, -0.123918, 0.0347781
13.91, -0.123568, 0.0354874
13.92, -0.123211, 0.036192
13.93, -0.122846, 0.0368919
13.94, -0.122474, 0.0375869
13.95, -0.122096, 0.0382772
13.96, -0.12171, 0.0389626
13.97, -0.121318, 0.0396431
13.98, -0.120919, 0.0403188
13.99, -0.120513, 0.0409895
14, -0.120101, 0.0416552
14.01, -0.119681, 0.042316
14.02, -0.119255, 0.0429718
14.03, -0.118823, 0.0436225
14.04, -0.118384, 0.0442681
14.05, -0.117939, 0.0449087
14.06, -0.117487, 0.0455441
14.07, -0.117029, 0.0461744
14.08, -0.116564, 0.0467995
14.09, -0.116094, 0.0474194
14.1, -0.115617, 0.0480341
14.11, -0.115134, 0.0486436
14.12, -0.114644, 0.0492478
14.13, -0.114149, 0.0498467
14.14, -0.113648, 0.0504402
14.15, -0.113141, 0.0510285
14.16, -0.112628, 0.0516114
14.17, -0.112109, 0.0521889
14.18, -0.111584, 0.052761
14.19, -0.111054, 0.0533277
14.2, -0.110518, 0.053889
14.21, -0.109977, 0.0544448
14.22, -0.109429, 0.0549951
14.23, -0.108877, 0.0555399
14.24, -0.108319, 0.0560792
14.25, -0.107755, 0.056613
14.26, -0.107186, 0.0571413
14.27, -0.106612, 0.0576639
14.28, -0.106033, 0.058181
14.29, -0.105448, 0.0586925
14.3, -0.104858, 0.0591984
14.31, -0.104264, 0.0596986
14.32, -0.103664, 0.0601932
14.33, -0.103059, 0.0606821
14.34, -0.10245, 0.0611654
14.35, -0.101835, 0.061643
14.36, -0.101216, 0.0621148
14.37, -0.100592, 0.062581
14.38, -0.0999639, 0.0630415
14.39, -0.0993308, 0.0634962
14.4, -0.0986932, 0.0639451
14.41, -0.098051, 0.0643883
14.42, -0.0974044, 0.0648257
14.43, -0.0967535, 0.0652574
14.44, -0.0960982, 0.0656832
14.45, -0.0954387, 0.0661033
14.46, -0.094775, 0.0665176
14.47, -0.0941071, 0.066926
14.48, -0.0934352, 0.0673286
14.49, -0.0927592, 0.0677254
14.5, -0.0920793, 0.0681163
14.51, -0.0913955, 0.0685014
14.52, -0.0907078, 0.0688807
14.53, -0.0900164, 0.0692541
14.54, -0.0893212, 0.0696216
14.55, -0.0886223, 0.0699832
14.56, -0.0879199, 0.070339
14.57, -0.0872139, 0.0706889
14.58, -0.0865044, 0.0710329
14.59, -0.0857914, 0.0713711
14.6, -0.0850751, 0.0717033
14.61, -0.0843555, 0.0720297
14.62, -0.0836326, 0.0723501
14.63, -0.0829065, 0.0726647
14.64, -0.0821772, 0.0729734
14.65, -0.0814449, 0.0732762
14.66, -0.0807096, 0.073573
14.67, -0.0799713, 0.073864
14.68, -0.0792301, 0.0741491
14.69, -0.0784861, 0.0744283
14.7, -0.0777393, 0.0747015
14.71, -0.0769897, 0.0749689
14.72, -0.0762375, 0.0752304
14.73, -0.0754827, 0.075486
14.74, -0.0747253, 0.0757357
14.75, -0.0739655, 0.0759795
14.76, -0.0732032, 0.0762175
14.77, -0.0724386, 0.0764495
14.78, -0.0716716, 0.0766757
14.79, -0.0709024, 0.076896
14.8, -0.070131, 0.0771104
14.81, -0.0693574, 0.077319
14.82, -0.0685818, 0.0775217
14.83, -0.0678042, 0.0777186
14.84, -0.0670246, 0.0779096
14.85, -0.0662431, 0.0780948
14.86, -0.0654597, 0.0782741
14.87, -0.0646746, 0.0784476
14.88, -0.0638878, 0.0786153
14.89, -0.0630992, 0.0787772
14.9, -0.0623091, 0.0789333
14.91, -0.0615174, 0.0790836
14.92, -0.0607243, 0.0792282
14.93, -0.0599297, 0.0793669
14.94, -0.0591337, 0.0794999
14.95, -0.0583364, 0.0796271
14.96, -0.0575378, 0.0797486
14.97, -0.0567381, 0.0798644
14.98, -0.0559372, 0.0799744
14.99, -0.0551352, 0.0800787
15, -0.0543321, 0.0801774
15.01, -0.0535281, 0.0802703
15.02, -0.0527232, 0.0803576
15.03, -0.0519174, 0.0804392
15.04, -0.0511109, 0.0805152
15.05, -0.0503035, 0.0805855
15.06, -0.0494955, 0.0806502
15.07, -0.0486868, 0.0807094
15.08, -0.0478776, 0.0807629
15.09, -0.0470679, 0.0808108
15.1, -0.0462576, 0.0808532
15.11, -0.045447, 0.0808901
15.12, -0.044636, 0.0809214
15.13, -0.0438247, 0.0809472
15.14, -0.0430132, 0.0809675
15.15, -0.0422014, 0.0809824
15.16, -0.0413896, 0.0809917
15.17, -0.0405776, 0.0809957
15.18, -0.0397657, 0.0809942
15.19, -0.0389537, 0.0809873
15.2, -0.0381419, 0.080975
15.21, -0.0373301, 0.0809573
15.22, -0.0365186, 0.0809343
15.23, -0.0357073, 0.0809059
15.24, -0.0348963, 0.0808723
15.25, -0.0340857, 0.0808333
15.26, -0.0332755, 0.0807891
15.27, -0.0324657, 0.0807396
15.28, -0.0316564, 0.0806849
15.29, -0.0308477, 0.080625
15.3, -0.0300396, 0.0805598
15.31, -0.0292322, 0.0804896
15.32, -0.0284255, 0.0804141
15.33, -0.0276195, 0.0803336
15.34, -0.0268144, 0.0802479
15.35, -0.0260102, 0.0801572
15.36, -0.0252068, 0.0800614
15.37, -0.0244045, 0.0799605
15.38, -0.0236031, 0.0798547
15.39, -0.0228029, 0.0797439
15.4, -0.0220038, 0.0796281
15.41, -0.0212058, 0.0795074
15.42, -0.0204091, 0.0793817
15.43, -0.0196136, 0.0792512
15.44, -0.0188194, 0.0791158
15.45, -0.0180267, 0.0789756
15.46, -0.0172353, 0.0788305
15.47, -0.0164454, 0.0786807
15.48, -0.015657, 0.0785261
15.49, -0.0148702, 0.0783667
15.5, -0.014085, 0.0782027
15.51, -0.0133015, 0.0780339
15.52, -0.0125196, 0.0778606
15.53, -0.0117395, 0.0776825
15.54, -0.0109612, 0.0774999
15.55, -0.0101847, 0.0773127
15.56, -0.00941017, 0.077121
15.57, -0.00863753, 0.0769247
15.58, -0.00786687, 0.076724
15.59, -0.00709823, 0.0765187
15.6, -0.00633166, 0.0763091
15.61, -0.00556721, 0.076095
15.62, -0.00480491, 0.0758766
15.63, -0.00404481, 0.0756538
15.64, -0.00328696, 0.0754267
15.65, -0.00253139, 0.0751953
15.66, -0.00177816, 0.0749596
15.67, -0.00102729, 0.0747198
15.68, -0.000278845, 0.0744757
15.69, 0.000467145, 0.0742274
15.7, 0.00121064, 0.073975
15.71, 0.00195159, 0.0737185
15.72, 0.00268996, 0.0734579
15.73, 0.0034257, 0.0731933
15.74, 0.00415879, 0.0729247
15.75, 0.00488917, 0.072652
15.76, 0.0056168, 0.0723754
15.77, 0.00634166, 0.0720949
15.78, 0.00706369, 0.0718105
15.79, 0.00778286, 0.0715223
15.8, 0.00849914, 0.0712302
15.81, 0.00921247, 0.0709343
15.82, 0.00992283, 0.0706347
15.83, 0.0106302, 0.0703313
15.84, 0.0113345, 0.0700243
15.85, 0.0120357, 0.0697135
15.86, 0.0127338, 0.0693992
15.87, 0.0134287, 0.0690812
15.88, 0.0141204, 0.0687597
15.89, 0.0148089, 0.0684347
15.9, 0.0154941, 0.0681061
15.91, 0.0161761, 0.0677741
15.92, 0.0168547, 0.0674386
15.93, 0.0175299, 0.0670998
15.94, 0.0182017, 0.0667576
15.95, 0.0188701, 0.066412
15.96, 0.019535, 0.0660632
15.97, 0.0201964, 0.0657111
15.98, 0.0208542, 0.0653558
15.99, 0.0215085, 0.0649973
16, 0.0221592, 0.0646356
16.01, 0.0228063, 0.0642708
16.02, 0.0234496, 0.0639029
16.03, 0.0240893, 0.063532
16.04, 0.0247253, 0.063158
16.05, 0.0253575, 0.0627811
16.06, 0.0259859, 0.0624012
16.07, 0.0266105, 0.0620184
16.08, 0.0272313, 0.0616327
16.09, 0.0278482, 0.0612442
16.1, 0.0284612, 0.0608529
16.11, 0.0290703, 0.0604588
16.12, 0.0296754, 0.0600619
16.13, 0.0302765, 0.0596624
16.14, 0.0308736, 0.0592602
16.15, 0.0314666, 0.0588554
16.16, 0.0320556, 0.0584479
16.17, 0.0326405, 0.0580379
16.18, 0.0332213, 0.0576254
16.19, 0.033798, 0.0572104
16.2, 0.0343705, 0.056793
16.21, 0.0349388, 0.0563731
16.22, 0.0355028, 0.0559509
16.23, 0.0360627, 0.0555263
16.24, 0.0366183, 0.0550994
16.25, 0.0371696, 0.0546702
16.26, 0.0377165, 0.0542388
16.27, 0.0382592, 0.0538053
16.28, 0.0387975, 0.0533695
16.29, 0.0393314, 0.0529316
16.3, 0.039861, 0.0524916
16.31, 0.0403861, 0.0520496
16.32, 0.0409068, 0.0516056
16.33, 0.041423, 0.0511596
16.34, 0.0419347, 0.0507116
16.35, 0.042442, 0.0502617
16.36, 0.0429447, 0.04981
16.37, 0.0434429, 0.0493564
16.38, 0.0439366, 0.0489011
16.39, 0.0444257, 0.0484439
16.4, 0.0449102, 0.0479851
16.41, 0.0453901, 0.0475245
16.42, 0.0458653, 0.0470623
16.43, 0.046336, 0.0465985
16.44, 0.046802, 0.0461331
16.45, 0.0472633, 0.0456662
16.46, 0.0477199, 0.0451977
16.47, 0.0481718, 0.0447278
16.48, 0.048619, 0.0442565
16.49, 0.0490615, 0.0437837
16.5, 0.0494993, 0.0433096
16.51, 0.0499323, 0.0428342
16.52, 0.0503605, 0.0423574
16.53, 0.0507839, 0.0418794
16.54, 0.0512025, 0.0414002
16.55, 0.0516164, 0.0409199
16.56, 0.0520254, 0.0404383
16.57, 0.0524296, 0.0399557
16.58, 0.0528289, 0.039472
16.59, 0.0532234, 0.0389872
16.6, 0.053613, 0.0385015
16.61, 0.0539978, 0.0380148
16.62, 0.0543777, 0.0375271
16.63, 0.0547527, 0.0370386
16.64, 0.0551227, 0.0365492
16.65, 0.0554879, 0.036059
16.66, 0.0558482, 0.0355679
16.67, 0.0562035, 0.0350762
16.68, 0.0565539, 0.0345837
16.69, 0.0568994, 0.0340905
16.7, 0.0572399, 0.0335967
16.71, 0.0575755, 0.0331023
16.72, 0.0579061, 0.0326073
16.73, 0.0582317, 0.0321118
16.74, 0.0585524, 0.0316157
16.75, 0.0588681, 0.0311192
16.76, 0.0591788, 0.0306222
16.77, 0.0594846, 0.0301249
16.78, 0.0597853, 0.0296271
16.79, 0.0600811, 0.0291291
16.8, 0.0603719, 0.0286307
16.81, 0.0606576, 0.0281321
16.82, 0.0609384, 0.0276332
16.83, 0.0612142, 0.0271342
16.84, 0.0614849, 0.026635
16.85, 0.0617507, 0.0261356
16.86, 0.0620115, 0.0256362
16.87, 0.0622672, 0.0251367
16.88, 0.062518, 0.0246372
16.89, 0.0627637, 0.0241376
16.9, 0.0630044, 0.0236382
16.91, 0.0632401, 0.0231387
16.92, 0.0634709, 0.0226394
16.93, 0.0636966, 0.0221403
16.94, 0.0639173, 0.0216413
16.95, 0.064133, 0.0211425
16.96, 0.0643437, 0.0206439
16.97, 0.0645494, 0.0201457
16.98, 0.0647501, 0.0196477
16.99, 0.0649458, 0.01915
17, 0.0651366, 0.0186528
17.01, 0.0653223, 0.0181559
17.02, 0.0655031, 0.0176594
17.03, 0.0656789, 0.0171634
17.04, 0.0658497, 0.0166679
17.05, 0.0660156, 0.016173
17.06, 0.0661765, 0.0156786
17.07, 0.0663324, 0.0151847
17.08, 0.0664834, 0.0146915
17.09, 0.0666294, 0.014199
17.1, 0.0667705, 0.0137071
17.11, 0.0669067, 0.0132159
17.12, 0.067038, 0.0127255
17.13, 0.0671643, 0.0122359
17.14, 0.0672858, 0.011747
17.15, 0.0674023, 0.011259
17.16, 0.067514, 0.0107718
17.17, 0.0676207, 0.0102856
17.18, 0.0677226, 0.00980024
17.19, 0.0678197, 0.00931585
17.2, 0.0679119, 0.00883244
17.21, 0.0679992, 0.00835003
17.22, 0.0680817, 0.00786867
17.23, 0.0681594, 0.00738837
17.24, 0.0682323, 0.00690917
17.25, 0.0683003, 0.00643109
17.26, 0.0683636, 0.00595416
17.27, 0.0684221, 0.00547841
17.28, 0.0684758, 0.00500387
17.29, 0.0685248, 0.00453057
17.3, 0.0685691, 0.00405853
17.31, 0.0686086, 0.00358778
17.32, 0.0686434, 0.00311834
17.33, 0.0686735, 0.00265025
17.34, 0.0686989, 0.00218354
17.35, 0.0687196, 0.00171822
17.36, 0.0687356, 0.00125432
17.37, 0.0687471, 0.000791877
17.38, 0.0687539, 0.00033091
17.39, 0.068756, -0.000128555
17.4, 0.0687536, -0.000586491
17.41, 0.0687466, -0.00104287
17.42, 0.068735, -0.00149768
17.43, 0.0687188, -0.00195087
17.44, 0.0686981, -0.00240244
17.45, 0.0686729, -0.00285235
17.46, 0.0686432, -0.00330059
17.47, 0.068609, -0.00374712
17.48, 0.0685703, -0.00419192
17.49, 0.0685272, -0.00463498
17.5, 0.0684796, -0.00507625
17.51, 0.0684276, -0.00551573
17.52, 0.0683713, -0.00595339
17.53, 0.0683105, -0.00638919
17.54, 0.0682454, -0.00682313
17.55, 0.0681759, -0.00725518
17.56, 0.0681021, -0.00768532
17.57, 0.0680239, -0.00811352
17.58, 0.0679415, -0.00853976
17.59, 0.0678549, -0.00896401
17.6, 0.067764, -0.00938627
17.61, 0.0676688, -0.0098065
17.62, 0.0675695, -0.0102247
17.63, 0.0674659, -0.0106408
17.64, 0.0673582, -0.0110548
17.65, 0.0672464, -0.0114668
17.66, 0.0671304, -0.0118766
17.67, 0.0670103, -0.0122842
17.68, 0.0668861, -0.0126897
17.69, 0.0667579, -0.013093
17.7, 0.0666257, -0.013494
17.71, 0.0664894, -0.0138929
17.72, 0.0663491, -0.0142895
17.73, 0.0662049, -0.0146838
17.74, 0.0660567, -0.0150759
17.75, 0.0659046, -0.0154656
17.76, 0.0657486, -0.015853
17.77, 0.0655887, -0.0162381
17.78, 0.0654249, -0.0166208
17.79, 0.0652574, -0.0170012
17.8, 0.065086, -0.0173791
17.81, 0.0649108, -0.0177547
17.82, 0.0647319, -0.0181278
17.83, 0.0645493, -0.0184984
17.84, 0.0643629, -0.0188666
17.85, 0.0641728, -0.0192323
17.86, 0.0639791, -0.0195956
17.87, 0.0637818, -0.0199563
17.88, 0.0635808, -0.0203145
17.89, 0.0633763, -0.0206701
17.9, 0.0631682, -0.0210232
17.91, 0.0629566, -0.0213737
17.92, 0.0627414, -0.0217216
17.93, 0.0625228, -0.022067
17.94, 0.0623007, -0.0224097
17.95, 0.0620752, -0.0227497
17.96, 0.0618463, -0.0230872
17.97, 0.061614, -0.0234219
17.98, 0.0613784, -0.023754
17.99, 0.0611394, -0.0240834
18, 0.0608972, -0.0244102
18.01, 0.0606517, -0.0247342
18.02, 0.0604029, -0.0250554
18.03, 0.0601509, -0.025374
18.04, 0.0598958, -0.0256898
18.05, 0.0596375, -0.0260028
18.06, 0.059376, -0.026313
18.07, 0.0591114, -0.0266205
18.08, 0.0588438, -0.0269252
18.09, 0.0585731, -0.027227
18.1, 0.0582994, -0.0275261
18.11, 0.0580228, -0.0278223
18.12, 0.0577431, -0.0281157
18.13, 0.0574605, -0.0284062
18.14, 0.057175, -0.0286939
18.15, 0.0568867, -0.0289787
18.16, 0.0565955, -0.0292606
18.17, 0.0563014, -0.0295396
18.18, 0.0560046, -0.0298157
18.19, 0.055705, -0.030089
18.2, 0.0554027, -0.0303593
18.21, 0.0550977, -0.0306267
18.22, 0.05479, -0.0308911
18.23, 0.0544797, -0.0311527
18.24, 0.0541667, -0.0314112
18.25, 0.0538512, -0.0316668
18.26, 0.0535331, -0.0319195
18.27, 0.0532125, -0.0321692
18.28, 0.0528894, -0.0324159
18.29, 0.0525638, -0.0326596
18.3, 0.0522358, -0.0329004
18.31, 0.0519054, -0.0331381
18.32, 0.0515726, -0.0333729
18.33, 0.0512374, -0.0336046
18.34, 0.0509, -0.0338333
18.35, 0.0505602, -0.034059
18.36, 0.0502182, -0.0342817
18.37, 0.049874, -0.0345014
18.38, 0.0495276, -0.034718
18.39, 0.049179, -0.0349316
18.4, 0.0488283, -0.0351421
18.41, 0.0484755, -0.0353496
18.42, 0.0481206, -0.0355541
18.43, 0.0477637, -0.0357555
18.44, 0.0474048, -0.0359538
18.45, 0.0470438, -0.0361491
18.46, 0.046681, -0.0363413
18.47, 0.0463162, -0.0365305
18.48, 0.0459495, -0.0367165
18.49, 0.045581, -0.0368996
18.5, 0.0452106, -0.0370795
18.51, 0.0448384, -0.0372564
18.52, 0.0444645, -0.0374302
18.53, 0.0440888, -0.0376009
18.54, 0.0437115, -0.0377686
18.55, 0.0433324, -0.0379331
18.56, 0.0429518, -0.0380946
18.57, 0.0425695, -0.038253
18.58, 0.0421856, -0.0384083
18.59, 0.0418002, -0.0385606
18.6, 0.0414132, -0.0387098
18.61, 0.0410248, -0.0388558
18.62, 0.0406349, -0.0389988
18.63, 0.0402436, -0.0391388
18.64, 0.0398509, -0.0392756
18.65, 0.0394568, -0.0394094
18.66, 0.0390614, -0.0395401
18.67, 0.0386647, -0.0396677
18.68, 0.0382668, -0.0397922
18.69, 0.0378676, -0.0399137
18.7, 0.0374671, -0.0400321
18.71, 0.0370655, -0.0401475
18.72, 0.0366628, -0.0402597
18.73, 0.0362589, -0.0403689
18.74, 0.0358539, -0.0404751
18.75, 0.0354479, -0.0405782
18.76, 0.0350409, -0.0406782
18.77, 0.0346328, -0.0407752
18.78, 0.0342238, -0.0408692
18.79, 0.0338139, -0.0409601
18.8, 0.0334031, -0.0410479
18.81, 0.0329913, -0.0411328
18.82, 0.0325788, -0.0412146
18.83, 0.0321654, -0.0412933
18.84, 0.0317513, -0.0413691
18.85, 0.0313364, -0.0414418
18.86, 0.0309207, -0.0415116
18.87, 0.0305044, -0.0415783
18.88, 0.0300874, -0.041642
18.89, 0.0296698, -0.0417028
18.9, 0.0292516, -0.0417605
18.91, 0.0288328, -0.0418153
18.92, 0.0284135, -0.041867
18.93, 0.0279937, -0.0419159
18.94, 0.0275734, -0.0419617
18.95, 0.0271526, -0.0420046
18.96, 0.0267314, -0.0420446
18.97, 0.0263098, -0.0420816
18.98, 0.0258879, -0.0421156
18.99, 0.0254656, -0.0421468
19, 0.025043, -0.042175
19.01, 0.0246201, -0.0422003
19.02, 0.024197, -0.0422227
19.03, 0.0237737, -0.0422423
19.04, 0.0233502, -0.0422589
19.05, 0.0229265, -0.0422726
19.06, 0.0225027, -0.0422835
19.07, 0.0220788, -0.0422915
19.08, 0.0216548, -0.0422967
19.09, 0.0212308, -0.042299
19.1, 0.0208068, -0.0422985
19.11, 0.0203827, -0.0422951
19.12, 0.0199587, -0.042289
19.13, 0.0195348, -0.04228
19.14, 0.019111, -0.0422683
19.15, 0.0186873, -0.0422537
19.16, 0.0182637, -0.0422364
19.17, 0.0178404, -0.0422163
19.18, 0.0174172, -0.0421935
19.19, 0.0169943, -0.0421679
19.2, 0.0165716, -0.0421396
19.21, 0.0161493, -0.0421085
19.22, 0.0157272, -0.0420748
19.23, 0.0153055, -0.0420383
19.24, 0.0148842, -0.0419992
19.25, 0.0144633, -0.0419573
19.26, 0.0140428, -0.0419129
19.27, 0.0136227, -0.0418657
19.28, 0.0132031, -0.0418159
19.29, 0.0127841, -0.0417635
19.3, 0.0123655, -0.0417085
19.31, 0.0119475, -0.0416509
19.32, 0.0115301, -0.0415906
19.33, 0.0111134, -0.0415278
19.34, 0.0106972, -0.0414624
19.35, 0.0102817, -0.0413945
19.36, 0.00986692, -0.041324
19.37, 0.00945284, -0.041251
19.38, 0.00903949, -0.0411755
19.39, 0.0086269, -0.0410975
19.4, 0.00821511, -0.041017
19.41, 0.00780412, -0.040934
19.42, 0.00739398, -0.0408486
19.43, 0.0069847, -0.0407607
19.44, 0.0065763, -0.0406704
19.45, 0.00616882, -0.0405776
19.46, 0.00576227, -0.0404825
19.47, 0.00535668, -0.0403849
19.48, 0.00495207, -0.040285
19.49, 0.00454848, -0.0401827
19.5, 0.00414591, -0.0400781
19.51, 0.0037444, -0.0399712
19.52, 0.00334396, -0.0398619
19.53, 0.00294463, -0.0397503
19.54, 0.00254642, -0.0396364
19.55, 0.00214936, -0.0395203
19.56, 0.00175347, -0.0394019
19.57, 0.00135877, -0.0392813
19.58, 0.000965291, -0.0391584
19.59, 0.000573045, -0.0390333
19.6, 0.000182058, -0.0389061
19.61, -0.000207648, -0.0387766
19.62, -0.00059605, -0.038645
19.63, -0.000983128, -0.0385113
19.64, -0.00136886, -0.0383754
19.65, -0.00175322, -0.0382374
19.66, -0.0021362, -0.0380973
19.67, -0.00251777, -0.0379551
19.68, -0.0028979, -0.0378108
19.69, -0.00327658, -0.0376645
19.7, -0.0036538, -0.0375162
19.71, -0.00402952, -0.0373658
19.72, -0.00440372, -0.0372135
19.73, -0.0047764, -0.0370592
19.74, -0.00514752, -0.0369029
19.75, -0.00551708, -0.0367446
19.76, -0.00588504, -0.0365844
19.77, -0.00625139, -0.0364223
19.78, -0.00661611, -0.0362583
19.79, -0.00697918, -0.0360925
19.8, -0.00734058, -0.0359247
19.81, -0.0077003, -0.0357552
19.82, -0.00805831, -0.0355837
19.83, -0.0084146, -0.0354105
19.84, -0.00876915, -0.0352355
19.85, -0.00912194, -0.0350587
19.86, -0.00947296, -0.0348802
19.87, -0.00982217, -0.0346999
19.88, -0.0101696, -0.0345178
19.89, -0.0105152, -0.0343341
19.9, -0.0108589, -0.0341487
19.91, -0.0112008, -0.0339617
19.92, -0.0115408, -0.0337729
19.93, -0.0118788, -0.0335826
19.94, -0.012215, -0.0333906
19.95, -0.0125493, -0.033197
19.96, -0.0128816, -0.0330019
19.97, -0.0132119, -0.0328052
19.98, -0.0135403, -0.0326069
19.99, -0.0138667, -0.0324071
20, -0.0141911, -0.0322059
20.01, -0.0145134, -0.0320031
20.02, -0.0148337, -0.0317989
20.03, -0.015152, -0.0315932
20.04, -0.0154682, -0.0313861
20.05, -0.0157823, -0.0311776
20.06, -0.0160944, -0.0309676
20.07, -0.0164043, -0.0307563
20.08, -0.0167121, -0.0305437
20.09, -0.0170177, -0.0303297
20.1, -0.0173212, -0.0301144
20.11, -0.0176226, -0.0298978
20.12, -0.0179218, -0.0296799
20.13, -0.0182188, -0.0294607
20.14, -0.0185136, -0.0292404
20.15, -0.0188061, -0.0290187
20.16, -0.0190965, -0.0287959
20.17, -0.0193846, -0.0285719
20.18, -0.0196705, -0.0283467
20.19, -0.0199541, -0.0281204
20.2, -0.0202354, -0.0278929
20.21, -0.0205145, -0.0276643
20.22, -0.0207912, -0.0274347
20.23, -0.0210657, -0.0272039
20.24, -0.0213378, -0.0269721
20.25, -0.0216076, -0.0267393
20.26, -0.0218751, -0.0265055
20.27, -0.0221402, -0.0262706
20.28, -0.022403, -0.0260348
20.29, -0.0226634, -0.025798
20.3, -0.0229214, -0.0255603
20.31, -0.0231771, -0.0253216
20.32, -0.0234303, -0.0250821
20.33, -0.0236812, -0.0248416
20.34, -0.0239296, -0.0246003
20.35, -0.0241756, -0.0243582
20.36, -0.0244192, -0.0241152
20.37, -0.0246603, -0.0238714
20.38, -0.024899, -0.0236269
20.39, -0.0251353, -0.0233815
20.4, -0.0253691, -0.0231354
20.41, -0.0256004, -0.0228886
20.42, -0.0258292, -0.0226411
20.43, -0.0260556, -0.0223929
20.44, -0.0262794, -0.022144
20.45, -0.0265008, -0.0218944
20.46, -0.0267196, -0.0216442
20.47, -0.026936, -0.0213934
20.48, -0.0271498, -0.021142
20.49, -0.0273612, -0.02089
20.5, -0.0275699, -0.0206374
20.51, -0.0277762, -0.0203843
20.52, -0.0279799, -0.0201307
20.53, -0.0281811, -0.0198765
20.54, -0.0283797, -0.0196219
20.55, -0.0285758, -0.0193668
20.56, -0.0287693, -0.0191113
20.57, -0.0289602, -0.0188553
20.58, -0.0291486, -0.0185989
20.59, -0.0293344, -0.0183421
20.6, -0.0295177, -0.018085
20.61, -0.0296983, -0.0178275
20.62, -0.0298764, -0.0175696
20.63, -0.0300519, -0.0173114
20.64, -0.0302248, -0.0170529
20.65, -0.0303951, -0.0167942
20.66, -0.0305628, -0.0165351
20.67, -0.0307279, -0.0162759
20.68, -0.0308904, -0.0160163
20.69, -0.0310503, -0.0157566
20.7, -0.0312077, -0.0154967
20.71, -0.0313624, -0.0152366
20.72, -0.0315145, -0.0149764
20.73, -0.0316639, -0.014716
20.74, -0.0318108, -0.0144555
20.75, -0.0319551, -0.0141949
20.76, -0.0320967, -0.0139342
20.77, -0.0322358, -0.0136734
20.78, -0.0323722, -0.0134126
20.79, -0.032506, -0.0131517
20.8, -0.0326372, -0.0128908
20.81, -0.0327658, -0.01263
20.82, -0.0328917, -0.0123691
20.83, -0.0330151, -0.0121083
20.84, -0.0331358, -0.0118475
20.85, -0.0332539, -0.0115868
20.86, -0.0333694, -0.0113262
20.87, -0.0334823, -0.0110657
20.88, -0.0335926, -0.0108054
20.89, -0.0337003, -0.0105451
20.9, -0.0338053, -0.0102851
20.91, -0.0339078, -0.0100251
20.92, -0.0340076, -0.00976543
20.93, -0.0341049, -0.00950592
20.94, -0.0341995, -0.00924663
20.95, -0.0342916, -0.00898758
20.96, -0.034381, -0.00872879
20.97, -0.0344679, -0.00847027
20.98, -0.0345522, -0.00821204
20.99, -0.0346339, -0.00795412
21, -0.0347129, -0.00769652
21.01, -0.0347895, -0.00743925
21.02, -0.0348634, -0.00718234
21.03, -0.0349348, -0.0069258
21.04, -0.0350035, -0.00666965
21.05, -0.0350698, -0.0064139
21.06, -0.0351334, -0.00615856
21.07, -0.0351945, -0.00590366
21.08, -0.0352531, -0.0056492
21.09, -0.0353091, -0.00539521
21.1, -0.0353625, -0.00514171
21.11, -0.0354134, -0.00488869
21.12, -0.0354618, -0.00463619
21.13, -0.0355077, -0.00438421
21.14, -0.035551, -0.00413277
21.15, -0.0355918, -0.00388189
21.16, -0.0356301, -0.00363157
21.17, -0.0356659, -0.00338185
21.18, -0.0356991, -0.00313272
21.19, -0.0357299, -0.00288421
21.2, -0.0357582, -0.00263632
21.21, -0.035784, -0.00238909
21.22, -0.0358074, -0.00214251
21.23, -0.0358282, -0.0018966
21.24, -0.0358466, -0.00165138
21.25, -0.0358626, -0.00140686
21.26, -0.0358761, -0.00116305
21.27, -0.0358871, -0.000919973
21.28, -0.0358957, -0.000677639
21.29, -0.0359019, -0.000436061
21.3, -0.0359057, -0.000195254
21.31, -0.0359071, 4.47703e-005
21.32, -0.035906, 0.000283997
21.33, -0.0359026, 0.000522414
21.34, -0.0358967, 0.000760007
21.35, -0.0358885, 0.000996763
21.36, -0.0358779, 0.00123267
21.37, -0.035865, 0.00146771
21.38, -0.0358497, 0.00170188
21.39, -0.0358321, 0.00193516
21.4, -0.0358121, 0.00216754
21.41, -0.0357898, 0.002399
21.42, -0.0357651, 0.00262954
21.43, -0.0357382, 0.00285914
21.44, -0.035709, 0.00308779
21.45, -0.0356774, 0.00331548
21.46, -0.0356436, 0.00354219
21.47, -0.0356076, 0.00376792
21.48, -0.0355692, 0.00399264
21.49, -0.0355286, 0.00421636
21.5, -0.0354858, 0.00443906
21.51, -0.0354408, 0.00466072
21.52, -0.0353935, 0.00488133
21.53, -0.035344, 0.00510089
21.54, -0.0352923, 0.00531939
21.55, -0.0352385, 0.0055368
21.56, -0.0351824, 0.00575313
21.57, -0.0351242, 0.00596835
21.58, -0.0350638, 0.00618247
21.59, -0.0350013, 0.00639546
21.6, -0.0349367, 0.00660732
21.61, -0.0348699, 0.00681804
21.62, -0.034801, 0.00702761
21.63, -0.0347301, 0.00723601
21.64, -0.034657, 0.00744324
21.65, -0.0345819, 0.00764929
21.66, -0.0345047, 0.00785414
21.67, -0.0344254, 0.00805779
21.68, -0.0343441, 0.00826023
21.69, -0.0342608, 0.00846145
21.7, -0.0341755, 0.00866144
21.71, -0.0340882, 0.00886018
21.72, -0.0339989, 0.00905768
21.73, -0.0339076, 0.00925391
21.74, -0.0338143, 0.00944888
21.75, -0.0337191, 0.00964258
21.76, -0.033622, 0.00983499
21.77, -0.0335229, 0.0100261
21.78, -0.0334219, 0.0102159
21.79, -0.033319, 0.0104044
21.8, -0.0332142, 0.0105916
21.81, -0.0331076, 0.0107775
21.82, -0.0329991, 0.010962
21.83, -0.0328887, 0.0111452
21.84, -0.0327766, 0.011327
21.85, -0.0326626, 0.0115074
21.86, -0.0325468, 0.0116865
21.87, -0.0324292, 0.0118643
21.88, -0.0323098, 0.0120406
21.89, -0.0321886, 0.0122156
21.9, -0.0320657, 0.0123891
21.91, -0.0319411, 0.0125613
21.92, -0.0318148, 0.0127321
21.93, -0.0316867, 0.0129014
21.94, -0.0315569, 0.0130693
21.95, -0.0314255, 0.0132358
21.96, -0.0312924, 0.0134008
21.97, -0.0311577, 0.0135645
21.98, -0.0310213, 0.0137266
21.99, -0.0308833, 0.0138873
22, -0.0307436, 0.0140466
22.01, -0.0306024, 0.0142044
22.02, -0.0304596, 0.0143607
22.03, -0.0303153, 0.0145155
22.04, -0.0301694, 0.0146689
22.05, -0.030022, 0.0148207
22.06, -0.029873, 0.0149711
22.07, -0.0297225, 0.01512
22.08, -0.0295706, 0.0152673
22.09, -0.0294172, 0.0154132
22.1, -0.0292623, 0.0155575
22.11, -0.029106, 0.0157004
22.12, -0.0289482, 0.0158417
22.13, -0.0287891, 0.0159815
22.14, -0.0286285, 0.0161197
22.15, -0.0284666, 0.0162564
22.16, -0.0283033, 0.0163916
22.17, -0.0281386, 0.0165253
22.18, -0.0279726, 0.0166573
22.19, -0.0278053, 0.0167879
22.2, -0.0276367, 0.0169169
22.21, -0.0274668, 0.0170443
22.22, -0.0272956, 0.0171702
22.23, -0.0271232, 0.0172945
22.24, -0.0269495, 0.0174172
22.25, -0.0267746, 0.0175384
22.26, -0.0265984, 0.017658
22.27, -0.0264211, 0.017776
22.28, -0.0262426, 0.0178924
22.29, -0.026063, 0.0180073
22.3, -0.0258822, 0.0181206
22.31, -0.0257002, 0.0182323
22.32, -0.0255172, 0.0183424
22.33, -0.025333, 0.0184509
22.34, -0.0251478, 0.0185578
22.35, -0.0249615, 0.0186631
22.36, -0.0247741, 0.0187669
22.37, -0.0245858, 0.018869
22.38, -0.0243963, 0.0189695
22.39, -0.0242059, 0.0190685
22.4, -0.0240145, 0.0191658
22.41, -0.0238221, 0.0192615
22.42, -0.0236288, 0.0193557
22.43, -0.0234345, 0.0194482
22.44, -0.0232394, 0.0195391
22.45, -0.0230433, 0.0196284
22.46, -0.0228463, 0.0197161
22.47, -0.0226484, 0.0198022
22.48, -0.0224497, 0.0198867
22.49, -0.0222501, 0.0199696
22.5, -0.0220497, 0.0200508
22.51, -0.0218485, 0.0201305
22.52, -0.0216465, 0.0202085
22.53, -0.0214437, 0.020285
22.54, -0.0212402, 0.0203598
22.55, -0.0210359, 0.020433
22.56, -0.0208309, 0.0205046
22.57, -0.0206251, 0.0205747
22.58, -0.0204187, 0.0206431
22.59, -0.0202116, 0.0207099
22.6, -0.0200038, 0.020775
22.61, -0.0197954, 0.0208386
22.62, -0.0195863, 0.0209006
22.63, -0.0193767, 0.020961
22.64, -0.0191664, 0.0210198
22.65, -0.0189555, 0.021077
22.66, -0.0187441, 0.0211326
22.67, -0.0185321, 0.0211865
22.68, -0.0183196, 0.0212389
22.69, -0.0181065, 0.0212897
22.7, -0.017893, 0.0213389
22.71, -0.0176789, 0.0213866
22.72, -0.0174644, 0.0214326
22.73, -0.0172494, 0.0214771
22.74, -0.017034, 0.0215199
22.75, -0.0168182, 0.0215612
22.76, -0.0166019, 0.0216009
22.77, -0.0163853, 0.0216391
22.78, -0.0161683, 0.0216756
22.79, -0.0159509, 0.0217106
22.8, -0.0157332, 0.021744
22.81, -0.0155151, 0.0217759
22.82, -0.0152967, 0.0218062
22.83, -0.0150781, 0.0218349
22.84, -0.0148591, 0.0218621
22.85, -0.0146399, 0.0218878
22.86, -0.0144204, 0.0219119
22.87, -0.0142007, 0.0219344
22.88, -0.0139807, 0.0219554
22.89, -0.0137606, 0.0219749
22.9, -0.0135402, 0.0219928
22.91, -0.0133197, 0.0220092
22.92, -0.013099, 0.0220241
22.93, -0.0128782, 0.0220375
22.94, -0.0126573, 0.0220493
22.95, -0.0124362, 0.0220597
22.96, -0.012215, 0.0220685
22.97, -0.0119938, 0.0220758
22.98, -0.0117725, 0.0220816
22.99, -0.0115511, 0.0220859
23, -0.0113297, 0.0220888
23.01, -0.0111082, 0.0220901
23.02, -0.0108868, 0.02209
23.03, -0.0106653, 0.0220884
23.04, -0.0104439, 0.0220853
23.05, -0.0102225, 0.0220808
23.06, -0.0100012, 0.0220748
23.07, -0.00977988, 0.0220673
23.08, -0.00955868, 0.0220584
23.09, -0.00933757, 0.022048
23.1, -0.00911657, 0.0220362
23.11, -0.0088957, 0.022023
23.12, -0.00867495, 0.0220083
23.13, -0.00845436, 0.0219923
23.14, -0.00823394, 0.0219748
23.15, -0.00801369, 0.0219559
23.16, -0.00779363, 0.0219356
23.17, -0.00757379, 0.0219138
23.18, -0.00735416, 0.0218907
23.19, -0.00713477, 0.0218663
23.2, -0.00691563, 0.0218404
23.21, -0.00669675, 0.0218131
23.22, -0.00647815, 0.0217845
23.23, -0.00625983, 0.0217546
23.24, -0.00604182, 0.0217232
23.25, -0.00582413, 0.0216906
23.26, -0.00560677, 0.0216565
23.27, -0.00538976, 0.0216212
23.28, -0.0051731, 0.0215845
23.29, -0.00495681, 0.0215465
23.3, -0.00474091, 0.0215072
23.31, -0.0045254, 0.0214666
23.32, -0.00431031, 0.0214246
23.33, -0.00409563, 0.0213814
23.34, -0.0038814, 0.0213369
23.35, -0.00366761, 0.0212911
23.36, -0.00345429, 0.0212441
23.37, -0.00324144, 0.0211958
23.38, -0.00302908, 0.0211462
23.39, -0.00281722, 0.0210954
23.4, -0.00260587, 0.0210433
23.41, -0.00239504, 0.02099
23.42, -0.00218476, 0.0209355
23.43, -0.00197502, 0.0208797
23.44, -0.00176585, 0.0208228
23.45, -0.00155724, 0.0207646
23.46, -0.00134923, 0.0207053
23.47, -0.00114181, 0.0206447
23.48, -0.000935006, 0.020583
23.49, -0.00072882, 0.0205201
23.5, -0.000523268, 0.0204561
23.51, -0.000318361, 0.0203909
23.52, -0.000114111, 0.0203245
23.53, 8.94716e-005, 0.020257
23.54, 0.000292375, 0.0201884
23.55, 0.000494587, 0.0201186
23.56, 0.000696097, 0.0200478
23.57, 0.000896894, 0.0199758
23.58, 0.00109697, 0.0199027
23.59, 0.0012963, 0.0198286
23.6, 0.0014949, 0.0197534
23.61, 0.00169273, 0.0196771
23.62, 0.0018898, 0.0195997
23.63, 0.00208609, 0.0195213
23.64, 0.00228159, 0.0194418
23.65, 0.00247629, 0.0193613
23.66, 0.00267018, 0.0192798
23.67, 0.00286325, 0.0191972
23.68, 0.00305549, 0.0191137
23.69, 0.00324689, 0.0190291
23.7, 0.00343744, 0.0189436
23.71, 0.00362713, 0.018857
23.72, 0.00381595, 0.0187695
23.73, 0.0040039, 0.018681
23.74, 0.00419095, 0.0185916
23.75, 0.0043771, 0.0185012
23.76, 0.00456234, 0.0184099
23.77, 0.00474667, 0.0183177
23.78, 0.00493007, 0.0182245
23.79, 0.00511254, 0.0181304
23.8, 0.00529405, 0.0180355
23.81, 0.00547462, 0.0179396
23.82, 0.00565422, 0.0178429
23.83, 0.00583285, 0.0177452
23.84, 0.0060105, 0.0176468
23.85, 0.00618715, 0.0175474
23.86, 0.00636281, 0.0174473
23.87, 0.00653747, 0.0173462
23.88, 0.00671111, 0.0172444
23.89, 0.00688373, 0.0171418
23.9, 0.00705531, 0.0170383
23.91, 0.00722586, 0.016934
23.92, 0.00739536, 0.016829
23.93, 0.0075638, 0.0167232
23.94, 0.00773118, 0.0166166
23.95, 0.00789749, 0.0165092
23.96, 0.00806273, 0.0164012
23.97, 0.00822688, 0.0162923
23.98, 0.00838993, 0.0161828
23.99, 0.00855189, 0.0160725
24, 0.00871273, 0.0159615
24.01, 0.00887247, 0.0158498
24.02, 0.00903108, 0.0157374
24.03, 0.00918856, 0.0156244
24.04, 0.00934491, 0.0155106
24.05, 0.00950012, 0.0153963
24.06, 0.00965417, 0.0152812
24.07, 0.00980708, 0.0151655
24.08, 0.00995882, 0.0150492
24.09, 0.0101094, 0.0149323
24.1, 0.0102588, 0.0148148
24.11, 0.010407, 0.0146966
24.12, 0.0105541, 0.0145779
24.13, 0.0106999, 0.0144586
24.14, 0.0108445, 0.0143387
24.15, 0.010988, 0.0142182
24.16, 0.0111302, 0.0140972
24.17, 0.0112712, 0.0139757
24.18, 0.011411, 0.0138536
24.19, 0.0115496, 0.013731
24.2, 0.011687, 0.0136079
24.21, 0.0118231, 0.0134843
24.22, 0.0119579, 0.0133602
24.23, 0.0120916, 0.0132356
24.24, 0.0122239, 0.0131105
24.25, 0.012355, 0.012985
24.26, 0.0124849, 0.012859
24.27, 0.0126135, 0.0127326
24.28, 0.0127408, 0.0126058
24.29, 0.0128669, 0.0124785
24.3, 0.0129917, 0.0123508
24.31, 0.0131151, 0.0122227
24.32, 0.0132374, 0.0120942
24.33, 0.0133583, 0.0119654
24.34, 0.0134779, 0.0118361
24.35, 0.0135962, 0.0117065
24.36, 0.0137133, 0.0115766
24.37, 0.013829, 0.0114463
24.38, 0.0139434, 0.0113157
24.39, 0.0140565, 0.0111847
24.4, 0.0141683, 0.0110534
24.41, 0.0142788, 0.0109218
24.42, 0.014388, 0.01079
24.43, 0.0144958, 0.0106578
24.44, 0.0146023, 0.0105254
24.45, 0.0147075, 0.0103927
24.46, 0.0148114, 0.0102597
24.47, 0.0149139, 0.0101265
24.48, 0.0150151, 0.00999312
24.49, 0.0151149, 0.00985946
24.5, 0.0152134, 0.00972558
24.51, 0.0153106, 0.0095915
24.52, 0.0154064, 0.00945722
24.53, 0.0155009, 0.00932275
24.54, 0.015594, 0.0091881
24.55, 0.0156858, 0.00905329
24.56, 0.0157762, 0.00891831
24.57, 0.0158652, 0.00878319
24.58, 0.015953, 0.00864792
24.59, 0.0160393, 0.00851253
24.6, 0.0161243, 0.00837701
24.61, 0.016208, 0.00824139
24.62, 0.0162902, 0.00810566
24.63, 0.0163712, 0.00796984
24.64, 0.0164507, 0.00783393
24.65, 0.0165289, 0.00769795
24.66, 0.0166057, 0.00756191
24.67, 0.0166812, 0.00742581
24.68, 0.0167553, 0.00728967
24.69, 0.016828, 0.00715348
24.7, 0.0168994, 0.00701727
24.71, 0.0169694, 0.00688105
24.72, 0.0170381, 0.00674481
24.73, 0.0171053, 0.00660857
24.74, 0.0171713, 0.00647234
24.75, 0.0172358, 0.00633613
24.76, 0.017299, 0.00619995
24.77, 0.0173608, 0.00606381
24.78, 0.0174212, 0.0059277
24.79, 0.0174803, 0.00579166
24.8, 0.017538, 0.00565567
24.81, 0.0175944, 0.00551976
24.82, 0.0176494, 0.00538393
24.83, 0.017703, 0.00524819
24.84, 0.0177553, 0.00511254
24.85, 0.0178062, 0.00497701
24.86, 0.0178558, 0.00484158
24.87, 0.017904, 0.00470629
24.88, 0.0179508, 0.00457112
24.89, 0.0179963, 0.0044361
24.9, 0.0180404, 0.00430123
24.91, 0.0180832, 0.00416652
24.92, 0.0181246, 0.00403197
24.93, 0.0181647, 0.0038976
24.94, 0.0182035, 0.00376342
24.95, 0.0182409, 0.00362942
24.96, 0.0182769, 0.00349563
24.97, 0.0183116, 0.00336204
24.98, 0.018345, 0.00322868
24.99, 0.018377, 0.00309554
25, 0.0184077, 0.00296263
25.01, 0.0184371, 0.00282996
25.02, 0.0184651, 0.00269755
25.03, 0.0184918, 0.00256539
25.04, 0.0185172, 0.00243349
25.05, 0.0185413, 0.00230188
25.06, 0.018564, 0.00217054
25.07, 0.0185855, 0.00203949
25.08, 0.0186056, 0.00190874
25.09, 0.0186244, 0.00177829
25.1, 0.0186419, 0.00164816
25.11, 0.0186581, 0.00151835
25.12, 0.018673, 0.00138886
25.13, 0.0186866, 0.00125971
25.14, 0.0186989, 0.00113091
25.15, 0.0187099, 0.00100245
25.16, 0.0187197, 0.000874352
25.17, 0.0187281, 0.000746619
25.18, 0.0187353, 0.00061926
25.19, 0.0187412, 0.00049228
25.2, 0.0187458, 0.000365687
25.21, 0.0187491, 0.000239489
25.22, 0.0187512, 0.000113692
25.23, 0.018752, -1.16968e-005
25.24, 0.0187516, -0.00013667
25.25, 0.0187499, -0.00026122
25.26, 0.018747, -0.00038534
25.27, 0.0187428, -0.000509025
25.28, 0.0187374, -0.000632266
25.29, 0.0187308, -0.000755057
25.3, 0.0187229, -0.000877392
25.31, 0.0187138, -0.000999263
25.32, 0.0187035, -0.00112066
25.33, 0.0186919, -0.00124159
25.34, 0.0186792, -0.00136203
25.35, 0.0186652, -0.00148198
25.36, 0.0186501, -0.00160144
25.37, 0.0186337, -0.00172039
25.38, 0.0186162, -0.00183884
25.39, 0.0185975, -0.00195677
25.4, 0.0185775, -0.00207418
25.41, 0.0185565, -0.00219106
25.42, 0.0185342, -0.00230741
25.43, 0.0185108, -0.00242322
25.44, 0.0184862, -0.00253849
25.45, 0.0184605, -0.0026532
25.46, 0.0184336, -0.00276736
25.47, 0.0184056, -0.00288096
25.48, 0.0183764, -0.00299398
25.49, 0.0183461, -0.00310644
25.5, 0.0183147, -0.00321831
25.51, 0.0182821, -0.0033296
25.52, 0.0182485, -0.0034403
25.53, 0.0182137, -0.0035504
25.54, 0.0181779, -0.0036599
25.55, 0.0181409, -0.00376879
25.56, 0.0181028, -0.00387707
25.57, 0.0180637, -0.00398473
25.58, 0.0180235, -0.00409178
25.59, 0.0179822, -0.00419819
25.6, 0.0179399, -0.00430397
25.61, 0.0178964, -0.00440911
25.62, 0.017852, -0.00451361
25.63, 0.0178065, -0.00461747
25.64, 0.0177599, -0.00472067
25.65, 0.0177123, -0.00482321
25.66, 0.0176637, -0.0049251
25.67, 0.0176141, -0.00502631
25.68, 0.0175635, -0.00512686
25.69, 0.0175118, -0.00522673
25.7, 0.0174592, -0.00532592
25.71, 0.0174055, -0.00542443
25.72, 0.0173509, -0.00552225
25.73, 0.0172953, -0.00561937
25.74, 0.0172387, -0.0057158
25.75, 0.0171812, -0.00581153
25.76, 0.0171227, -0.00590655
25.77, 0.0170633, -0.00600087
25.78, 0.0170029, -0.00609447
25.79, 0.0169415, -0.00618735
25.8, 0.0168793, -0.00627951
25.81, 0.0168161, -0.00637095
25.82, 0.016752, -0.00646166
25.83, 0.016687, -0.00655164
25.84, 0.0166211, -0.00664088
25.85, 0.0165543, -0.00672939
25.86, 0.0164866, -0.00681715
25.87, 0.0164181, -0.00690416
25.88, 0.0163486, -0.00699043
25.89, 0.0162783, -0.00707594
25.9, 0.0162072, -0.0071607
25.91, 0.0161352, -0.0072447
25.92, 0.0160624, -0.00732793
25.93, 0.0159887, -0.00741041
25.94, 0.0159142, -0.00749211
25.95, 0.0158389, -0.00757304
25.96, 0.0157628, -0.0076532
25.97, 0.0156858, -0.00773258
25.98, 0.0156081, -0.00781118
25.99, 0.0155296, -0.007889
26, 0.0154504, -0.00796604
26.01, 0.0153703, -0.00804229
26.02, 0.0152895, -0.00811775
26.03, 0.0152079, -0.00819241
26.04, 0.0151256, -0.00826629
26.05, 0.0150426, -0.00833936
26.06, 0.0149588, -0.00841164
26.07, 0.0148743, -0.00848311
26.08, 0.0147891, -0.00855378
26.09, 0.0147031, -0.00862365
26.1, 0.0146165, -0.00869271
26.11, 0.0145292, -0.00876096
26.12, 0.0144412, -0.00882839
26.13, 0.0143525, -0.00889502
26.14, 0.0142632, -0.00896083
26.15, 0.0141732, -0.00902582
26.16, 0.0140826, -0.00909
26.17, 0.0139913, -0.00915335
26.18, 0.0138994, -0.00921589
26.19, 0.0138068, -0.0092776
26.2, 0.0137136, -0.00933849
26.21, 0.0136199, -0.00939855
26.22, 0.0135255, -0.00945778
26.23, 0.0134306, -0.00951619
26.24, 0.013335, -0.00957377
26.25, 0.0132389, -0.00963051
26.26, 0.0131422, -0.00968643
26.27, 0.013045, -0.00974151
26.28, 0.0129472, -0.00979576
26.29, 0.0128488, -0.00984918
26.3, 0.01275, -0.00990176
26.31, 0.0126506, -0.0099535
26.32, 0.0125507, -0.0100044
26.33, 0.0124502, -0.0100545
26.34, 0.0123493, -0.0101037
26.35, 0.0122479, -0.0101521
26.36, 0.012146, -0.0101997
26.37, 0.0120437, -0.0102464
26.38, 0.0119408, -0.0102923
26.39, 0.0118375, -0.0103373
26.4, 0.0117338, -0.0103815
26.41, 0.0116296, -0.0104249
26.42, 0.011525, -0.0104674
26.43, 0.01142, -0.0105091
26.44, 0.0113145, -0.0105499
26.45, 0.0112086, -0.0105899
26.46, 0.0111024, -0.0106291
26.47, 0.0109957, -0.0106674
26.48, 0.0108887, -0.0107049
26.49, 0.0107813, -0.0107415
26.5, 0.0106735, -0.0107773
26.51, 0.0105654, -0.0108123
26.52, 0.0104569, -0.0108464
26.53, 0.0103481, -0.0108797
26.54, 0.0102389, -0.0109121
26.55, 0.0101295, -0.0109437
26.56, 0.0100197, -0.0109745
26.57, 0.00990959, -0.0110045
26.58, 0.0097992, -0.0110336
26.59, 0.00968852, -0.0110618
26.6, 0.00957756, -0.0110893
26.61, 0.00946633, -0.0111159
26.62, 0.00935482, -0.0111417
26.63, 0.00924307, -0.0111666
26.64, 0.00913106, -0.0111907
26.65, 0.00901882, -0.011214
26.66, 0.00890634, -0.0112365
26.67, 0.00879365, -0.0112581
26.68, 0.00868073, -0.0112789
26.69, 0.00856761, -0.0112989
26.7, 0.00845429, -0.0113181
26.71, 0.00834079, -0.0113365
26.72, 0.00822709, -0.011354
26.73, 0.00811323, -0.0113707
26.74, 0.0079992, -0.0113866
26.75, 0.00788501, -0.0114017
26.76, 0.00777068, -0.011416
26.77, 0.0076562, -0.0114294
26.78, 0.00754159, -0.0114421
26.79, 0.00742685, -0.0114539
26.8, 0.007312, -0.011465
26.81, 0.00719704, -0.0114752
26.82, 0.00708198, -0.0114847
26.83, 0.00696682, -0.0114933
26.84, 0.00685159, -0.0115012
26.85, 0.00673627, -0.0115082
26.86, 0.00662089, -0.0115145
26.87, 0.00650544, -0.0115199
26.88, 0.00638994, -0.0115246
26.89, 0.0062744, -0.0115285
26.9, 0.00615882, -0.0115316
26.91, 0.00604321, -0.011534
26.92, 0.00592758, -0.0115355
26.93, 0.00581194, -0.0115363
26.94, 0.00569629, -0.0115363
26.95, 0.00558064, -0.0115355
26.96, 0.005465, -0.011534
26.97, 0.00534938, -0.0115317
26.98, 0.00523378, -0.0115286
26.99, 0.00511822, -0.0115248
27, 0.0050027, -0.0115202
27.01, 0.00488722, -0.0115149
27.02, 0.0047718, -0.0115088
27.03, 0.00465644, -0.0115019
27.04, 0.00454116, -0.0114944
27.05, 0.00442595, -0.011486
27.06, 0.00431082, -0.011477
27.07, 0.00419579, -0.0114672
27.08, 0.00408086, -0.0114566
27.09, 0.00396604, -0.0114453
27.1, 0.00385133, -0.0114334
27.11, 0.00373674, -0.0114206
27.12, 0.00362229, -0.0114072
27.13, 0.00350797, -0.011393
27.14, 0.00339379, -0.0113782
27.15, 0.00327976, -0.0113626
27.16, 0.0031659, -0.0113463
27.17, 0.00305219, -0.0113293
27.18, 0.00293866, -0.0113116
27.19, 0.00282531, -0.0112932
27.2, 0.00271215, -0.0112741
27.21, 0.00259917, -0.0112543
27.22, 0.0024864, -0.0112338
27.23, 0.00237384, -0.0112127
27.24, 0.00226149, -0.0111909
27.25, 0.00214935, -0.0111683
27.26, 0.00203745, -0.0111452
27.27, 0.00192578, -0.0111213
27.28, 0.00181435, -0.0110968
27.29, 0.00170317, -0.0110716
27.3, 0.00159224, -0.0110458
27.31, 0.00148158, -0.0110193
27.32, 0.00137118, -0.0109922
27.33, 0.00126105, -0.0109644
27.34, 0.0011512, -0.010936
27.35, 0.00104164, -0.010907
27.36, 0.000932378, -0.0108773
27.37, 0.00082341, -0.010847
27.38, 0.000714748, -0.010816
27.39, 0.000606397, -0.0107845
27.4, 0.000498365, -0.0107523
27.41, 0.000390656, -0.0107195
27.42, 0.000283278, -0.0106861
27.43, 0.000176236, -0.0106521
27.44, 6.95359e-005, -0.0106175
27.45, -3.68155e-005, -0.0105823
27.46, -0.000142813, -0.0105465
27.47, -0.00024845, -0.0105102
27.48, -0.00035372, -0.0104732
27.49, -0.000458619, -0.0104357
27.5, -0.000563141, -0.0103976
27.51, -0.000667279, -0.0103589
27.52, -0.000771027, -0.0103197
27.53, -0.000874381, -0.0102799
27.54, -0.000977335, -0.0102395
27.55, -0.00107988, -0.0101986
27.56, -0.00118202, -0.0101572
27.57, -0.00128374, -0.0101152
27.58, -0.00138504, -0.0100726
27.59, -0.00148591, -0.0100296
27.6, -0.00158634, -0.00998599
27.61, -0.00168634, -0.00994188
27.62, -0.00178589, -0.00989725
27.63, -0.001885, -0.0098521
27.64, -0.00198365, -0.00980645
27.65, -0.00208185, -0.00976029
27.66, -0.00217958, -0.00971364
27.67, -0.00227684, -0.00966648
27.68, -0.00237362, -0.00961884
27.69, -0.00246993, -0.00957072
27.7, -0.00256575, -0.00952211
27.71, -0.00266109, -0.00947302
27.72, -0.00275593, -0.00942347
27.73, -0.00285028, -0.00937345
27.74, -0.00294412, -0.00932297
27.75, -0.00303745, -0.00927203
27.76, -0.00313027, -0.00922065
27.77, -0.00322258, -0.00916881
27.78, -0.00331437, -0.00911654
27.79, -0.00340563, -0.00906382
27.8, -0.00349636, -0.00901068
27.81, -0.00358656, -0.00895711
27.82, -0.00367621, -0.00890312
27.83, -0.00376533, -0.00884871
27.84, -0.0038539, -0.00879389
27.85, -0.00394192, -0.00873867
27.86, -0.00402939, -0.00868304
27.87, -0.00411629, -0.00862702
27.88, -0.00420264, -0.00857061
27.89, -0.00428841, -0.0085138
27.9, -0.00437362, -0.00845662
27.91, -0.00445825, -0.00839907
27.92, -0.00454231, -0.00834114
27.93, -0.00462578, -0.00828284
27.94, -0.00470867, -0.00822419
27.95, -0.00479097, -0.00816518
27.96, -0.00487268, -0.00810582
27.97, -0.00495379, -0.00804611
27.98, -0.0050343, -0.00798607
27.99, -0.00511421, -0.00792568
28, -0.00519351, -0.00786497
28.01, -0.0052722, -0.00780394
28.02, -0.00535028, -0.00774258
28.03, -0.00542775, -0.00768091
28.04, -0.00550459, -0.00761893
28.05, -0.00558082, -0.00755665
28.06, -0.00565641, -0.00749406
28.07, -0.00573138, -0.00743119
28.08, -0.00580572, -0.00736802
28.09, -0.00587943, -0.00730457
28.1, -0.0059525, -0.00724085
28.11, -0.00602493, -0.00717685
28.12, -0.00609671, -0.00711258
28.13, -0.00616785, -0.00704805
28.14, -0.00623835, -0.00698326
28.15, -0.00630819, -0.00691822
28.16, -0.00637738, -0.00685293
28.17, -0.00644592, -0.0067874
28.18, -0.0065138, -0.00672164
28.19, -0.00658102, -0.00665564
28.2, -0.00664757, -0.00658941
28.21, -0.00671346, -0.00652297
28.22, -0.00677869, -0.0064563
28.23, -0.00684325, -0.00638943
28.24, -0.00690713, -0.00632235
28.25, -0.00697034, -0.00625507
28.26, -0.00703288, -0.0061876
28.27, -0.00709474, -0.00611993
28.28, -0.00715593, -0.00605208
28.29, -0.00721643, -0.00598405
28.3, -0.00727625, -0.00591585
28.31, -0.00733538, -0.00584747
28.32, -0.00739383, -0.00577893
28.33, -0.00745159, -0.00571023
28.34, -0.00750866, -0.00564138
28.35, -0.00756504, -0.00557238
28.36, -0.00762073, -0.00550323
28.37, -0.00767573, -0.00543394
28.38, -0.00773003, -0.00536452
28.39, -0.00778364, -0.00529498
28.4, -0.00783654, -0.0052253
28.41, -0.00788875, -0.00515551
28.42, -0.00794026, -0.00508561
28.43, -0.00799107, -0.00501559
28.44, -0.00804117, -0.00494548
28.45, -0.00809058, -0.00487526
28.46, -0.00813928, -0.00480495
28.47, -0.00818727, -0.00473455
28.48, -0.00823456, -0.00466407
28.49, -0.00828114, -0.00459351
28.5, -0.00832701, -0.00452288
28.51, -0.00837217, -0.00445218
28.52, -0.00841663, -0.00438141
28.53, -0.00846038, -0.00431059
28.54, -0.00850341, -0.00423971
28.55, -0.00854574, -0.00416878
28.56, -0.00858735, -0.00409781
28.57, -0.00862825, -0.0040268
28.58, -0.00866844, -0.00395576
28.59, -0.00870792, -0.00388468
28.6, -0.00874669, -0.00381358
28.61, -0.00878474, -0.00374247
28.62, -0.00882208, -0.00367133
28.63, -0.00885871, -0.00360019
28.64, -0.00889462, -0.00352904
28.65, -0.00892982, -0.00345789
28.66, -0.00896431, -0.00338675
28.67, -0.00899808, -0.00331561
28.68, -0.00903114, -0.00324449
28.69, -0.00906349, -0.00317339
28.7, -0.00909513, -0.00310231
28.71, -0.00912605, -0.00303126
28.72, -0.00915626, -0.00296024
28.73, -0.00918576, -0.00288926
28.74, -0.00921455, -0.00281832
28.75, -0.00924262, -0.00274742
28.76, -0.00926999, -0.00267658
28.77, -0.00929664, -0.00260579
28.78, -0.00932259, -0.00253506
28.79, -0.00934783, -0.0024644
28.8, -0.00937235, -0.0023938
28.81, -0.00939618, -0.00232328
28.82, -0.00941929, -0.00225284
28.83, -0.0094417, -0.00218248
28.84, -0.0094634, -0.00211221
28.85, -0.0094844, -0.00204203
28.86, -0.0095047, -0.00197194
28.87, -0.00952429, -0.00190195
28.88, -0.00954318, -0.00183207
28.89, -0.00956138, -0.0017623
28.9, -0.00957887, -0.00169264
28.91, -0.00959566, -0.00162309
28.92, -0.00961176, -0.00155367
28.93, -0.00962716, -0.00148438
28.94, -0.00964187, -0.00141521
28.95, -0.00965589, -0.00134618
28.96, -0.00966921, -0.00127729
28.97, -0.00968184, -0.00120854
28.98, -0.00969379, -0.00113994
28.99, -0.00970504, -0.00107148
29, -0.00971561, -0.00100318
29.01, -0.0097255, -0.000935046
29.02, -0.0097347, -0.00086707
29.03, -0.00974323, -0.000799261
29.04, -0.00975107, -0.000731622
29.05, -0.00975823, -0.000664159
29.06, -0.00976472, -0.000596875
29.07, -0.00977054, -0.000529773
29.08, -0.00977568, -0.000462857
29.09, -0.00978016, -0.000396133
29.1, -0.00978396, -0.000329602
29.11, -0.0097871, -0.000263269
29.12, -0.00978957, -0.000197139
29.13, -0.00979139, -0.000131214
29.14, -0.00979254, -6.5498e-005
29.15, -0.00979303, 4.75508e-009
29.16, -0.00979287, 6.52908e-005
29.17, -0.00979205, 0.000130356
29.18, -0.00979058, 0.000195198
29.19, -0.00978846, 0.000259812
29.2, -0.0097857, 0.000324195
29.21, -0.00978229, 0.000388344
29.22, -0.00977823, 0.000452254
29.23, -0.00977354, 0.000515923
29.24, -0.00976821, 0.000579346
29.25, -0.00976224, 0.000642521
29.26, -0.00975565, 0.000705444
29.27, -0.00974842, 0.000768112
29.28, -0.00974056, 0.000830521
29.29, -0.00973208, 0.000892668
29.3, -0.00972298, 0.00095455
29.31, -0.00971325, 0.00101616
29.32, -0.00970291, 0.0010775
29.33, -0.00969196, 0.00113857
29.34, -0.00968039, 0.00119936
29.35, -0.00966822, 0.00125987
29.36, -0.00965544, 0.00132009
29.37, -0.00964205, 0.00138003
29.38, -0.00962807, 0.00143967
29.39, -0.00961349, 0.00149902
29.4, -0.00959831, 0.00155808
29.41, -0.00958255, 0.00161683
29.42, -0.00956619, 0.00167529
29.43, -0.00954925, 0.00173343
29.44, -0.00953173, 0.00179127
29.45, -0.00951363, 0.0018488
29.46, -0.00949495, 0.00190602
29.47, -0.0094757, 0.00196291
29.48, -0.00945588, 0.00201949
29.49, -0.0094355, 0.00207575
29.5, -0.00941455, 0.00213168
29.51, -0.00939304, 0.00218728
29.52, -0.00937097, 0.00224256
29.53, -0.00934835, 0.0022975
29.54, -0.00932519, 0.0023521
29.55, -0.00930147, 0.00240637
29.56, -0.00927721, 0.0024603
29.57, -0.00925241, 0.00251388
29.58, -0.00922708, 0.00256712
29.59, -0.00920121, 0.00262002
29.6, -0.00917482, 0.00267256
29.61, -0.00914789, 0.00272475
29.62, -0.00912045, 0.00277658
29.63, -0.00909248, 0.00282806
29.64, -0.00906401, 0.00287918
29.65, -0.00903501, 0.00292993
29.66, -0.00900552, 0.00298033
29.67, -0.00897551, 0.00303035
29.68, -0.00894501, 0.00308001
29.69, -0.00891401, 0.0031293
29.7, -0.00888252, 0.00317822
29.71, -0.00885053, 0.00322676
29.72, -0.00881807, 0.00327493
29.73, -0.00878512, 0.00332272
29.74, -0.00875169, 0.00337012
29.75, -0.00871779, 0.00341715
29.76, -0.00868341, 0.00346379
29.77, -0.00864857, 0.00351005
29.78, -0.00861327, 0.00355592
29.79, -0.00857751, 0.0036014
29.8, -0.00854129, 0.00364648
29.81, -0.00850462, 0.00369118
29.82, -0.00846751, 0.00373548
29.83, -0.00842995, 0.00377938
29.84, -0.00839196, 0.00382289
29.85, -0.00835352, 0.003866
29.86, -0.00831466, 0.0039087
29.87, -0.00827537, 0.00395101
29.88, -0.00823566, 0.00399291
29.89, -0.00819553, 0.0040344
29.9, -0.00815498, 0.00407549
29.91, -0.00811402, 0.00411617
29.92, -0.00807266, 0.00415644
29.93, -0.00803089, 0.00419629
29.94, -0.00798872, 0.00423574
29.95, -0.00794616, 0.00427477
29.96, -0.00790321, 0.00431339
29.97, -0.00785987, 0.00435159
29.98, -0.00781616, 0.00438938
29.99, -0.00777206, 0.00442674
