0, 0, 1
0.01, 0.0101651, 1.04727
0.02, 0.021267, 1.18606
0.03, 0.0342144, 1.41494
0.04, 0.0498971, 1.73159
0.05, 0.0691772, 2.13281
0.06, 0.0928804, 2.61452
0.07, 0.121787, 3.17184
0.08, 0.156627, 3.79914
0.09, 0.198066, 4.49006
0.1, 0.246706, 5.2376
0.11, 0.303076, 6.03419
0.12, 0.367626, 6.87175
0.13, 0.440722, 7.7418
0.14, 0.522645, 8.63552
0.15, 0.613585, 9.54382
0.16, 0.713643, 10.4575
0.17, 0.822825, 11.3672
0.18, 0.941044, 12.2638
0.19, 1.06812, 13.1381
0.2, 1.20379, 13.9811
0.21, 1.3477, 14.7842
0.22, 1.49939, 15.5393
0.23, 1.65836, 16.2385
0.24, 1.82401, 16.8747
0.25, 1.99568, 17.4412
0.26, 2.17263, 17.9322
0.27, 2.35408, 18.3424
0.28, 2.53921, 18.6676
0.29, 2.72714, 18.9042
0.3, 2.91698, 19.0496
0.31, 3.10781, 19.1021
0.32, 3.29868, 19.0607
0.33, 3.48867, 18.9257
0.34, 3.67683, 18.698
0.35, 3.86226, 18.3796
0.36, 4.04406, 17.9735
0.37, 4.22137, 17.4831
0.38, 4.39336, 16.9133
0.39, 4.55928, 16.2692
0.4, 4.71841, 15.5569
0.41, 4.87009, 14.7832
0.42, 5.01377, 13.9554
0.43, 5.14892, 13.0815
0.44, 5.27514, 12.1696
0.45, 5.39208, 11.2287
0.46, 5.49951, 10.2675
0.47, 5.59726, 9.29533
0.48, 5.68527, 8.32145
0.49, 5.76358, 7.35514
0.5, 5.8323, 6.4056
0.51, 5.89165, 5.48186
0.52, 5.94193, 4.59269
0.53, 5.98353, 3.74649
0.54, 6.01693, 2.95123
0.55, 6.04265, 2.21437
0.56, 6.06134, 1.54277
0.57, 6.07367, 0.942627
0.58, 6.08038, 0.419432
0.59, 6.08227, -0.0221165
0.6, 6.08018, -0.378137
0.61, 6.07497, -0.645612
0.62, 6.06755, -0.822415
0.63, 6.05882, -0.907335
0.64, 6.04971, -0.900086
0.65, 6.04114, -0.801309
0.66, 6.03401, -0.61257
0.67, 6.02922, -0.336339
0.68, 6.02761, 0.0240322
0.69, 6.03002, 0.464343
0.7, 6.03721, 0.979586
0.71, 6.04991, 1.564
0.72, 6.06878, 2.21112
0.73, 6.09441, 2.91386
0.74, 6.12731, 3.66456
0.75, 6.16793, 4.45508
0.76, 6.21662, 5.27686
0.77, 6.27364, 6.12104
0.78, 6.33918, 6.97852
0.79, 6.41333, 7.84007
0.8, 6.49607, 8.69639
0.81, 6.5873, 9.53826
0.82, 6.68685, 10.3566
0.83, 6.79441, 11.1424
0.84, 6.90964, 11.8873
0.85, 7.03207, 12.583
0.86, 7.16117, 13.222
0.87, 7.29635, 13.797
0.88, 7.43693, 14.3016
0.89, 7.58217, 14.7301
0.9, 7.73128, 15.0773
0.91, 7.88344, 15.3392
0.92, 8.03777, 15.5123
0.93, 8.19337, 15.5941
0.94, 8.34932, 15.5831
0.95, 8.50469, 15.4786
0.96, 8.65854, 15.2809
0.97, 8.80995, 14.9912
0.98, 8.958, 14.6115
0.99, 9.10181, 14.1449
1, 9.24053, 13.5952
1.01, 9.37335, 12.9671
1.02, 9.49952, 12.2662
1.03, 9.61834, 11.4986
1.04, 9.72918, 10.6711
1.05, 9.83146, 9.79114
1.06, 9.92472, 8.86677
1.07, 10.0085, 7.90637
1.08, 10.0826, 6.91868
1.09, 10.1467, 5.91274
1.1, 10.2007, 4.89775
1.11, 10.2445, 3.88299
1.12, 10.2783, 2.87776
1.13, 10.302, 1.89124
1.14, 10.3161, 0.932427
1.15, 10.3207, 0.0100243
1.16, 10.3163, -0.867619
1.17, 10.3034, -1.69261
1.18, 10.2826, -2.45758
1.19, 10.2544, -3.15578
1.2, 10.2196, -3.78111
1.21, 10.179, -4.32822
1.22, 10.1333, -4.79254
1.23, 10.0834, -5.17032
1.24, 10.0301, -5.45869
1.25, 9.97447, -5.65568
1.26, 9.91731, -5.76023
1.27, 9.85958, -5.77219
1.28, 9.80219, -5.69237
1.29, 9.74606, -5.52249
1.3, 9.69207, -5.26515
1.31, 9.64109, -4.92386
1.32, 9.59392, -4.50295
1.33, 9.55134, -4.00755
1.34, 9.51407, -3.44355
1.35, 9.48276, -2.81752
1.36, 9.458, -2.13664
1.37, 9.44028, -1.40866
1.38, 9.43005, -0.641786
1.39, 9.42765, 0.155366
1.4, 9.43334, 0.973891
1.41, 9.44727, 1.80466
1.42, 9.46954, 2.63843
1.43, 9.50012, 3.46592
1.44, 9.53891, 4.2779
1.45, 9.5857, 5.06531
1.46, 9.64019, 5.81932
1.47, 9.70203, 6.53146
1.48, 9.77073, 7.19363
1.49, 9.84577, 7.79826
1.5, 9.92654, 8.33836
1.51, 10.0124, 8.80757
1.52, 10.1025, 9.20022
1.53, 10.1961, 9.51145
1.54, 10.2924, 9.73716
1.55, 10.3906, 9.87415
1.56, 10.4896, 9.92008
1.57, 10.5886, 9.87351
1.58, 10.6867, 9.73395
1.59, 10.783, 9.50183
1.6, 10.8764, 9.1785
1.61, 10.9662, 8.76622
1.62, 11.0514, 8.26814
1.63, 11.1312, 7.68827
1.64, 11.2048, 7.03143
1.65, 11.2715, 6.30323
1.66, 11.3305, 5.50996
1.67, 11.3814, 4.65859
1.68, 11.4234, 3.75666
1.69, 11.4562, 2.81221
1.7, 11.4794, 1.83371
1.71, 11.4927, 0.829983
1.72, 11.4958, -0.189919
1.73, 11.4887, -1.21676
1.74, 11.4714, -2.24126
1.75, 11.4438, -3.25412
1.76, 11.4062, -4.2462
1.77, 11.3589, -5.20853
1.78, 11.3021, -6.13246
1.79, 11.2363, -7.00973
1.8, 11.162, -7.8325
1.81, 11.0798, -8.59353
1.82, 10.9903, -9.28615
1.83, 10.8942, -9.9044
1.84, 10.7924, -10.443
1.85, 10.6856, -10.8976
1.86, 10.5747, -11.2646
1.87, 10.4606, -11.5412
1.88, 10.3442, -11.7256
1.89, 10.2264, -11.817
1.9, 10.1082, -11.8152
1.91, 9.99041, -11.7214
1.92, 9.87406, -11.5373
1.93, 9.76, -11.2657
1.94, 9.64909, -10.9103
1.95, 9.54213, -10.4755
1.96, 9.4399, -9.9666
1.97, 9.34311, -9.3896
1.98, 9.25241, -8.75118
1.99, 9.16837, -8.05862
2, 9.09149, -7.31975
2.01, 9.02221, -6.54287
2.02, 8.96085, -5.73662
2.03, 8.90766, -4.90997
2.04, 8.8628, -4.07206
2.05, 8.82633, -3.23216
2.06, 8.79824, -2.39956
2.07, 8.7784, -1.58344
2.08, 8.76659, -0.792845
2.09, 8.76252, -0.0365473
2.1, 8.76581, 0.677026
2.11, 8.77598, 1.33988
2.12, 8.79249, 1.94452
2.13, 8.81472, 2.48406
2.14, 8.84199, 2.95225
2.15, 8.87355, 3.34356
2.16, 8.90862, 3.65324
2.17, 8.94635, 3.87735
2.18, 8.98588, 4.01281
2.19, 9.02631, 4.05745
2.2, 9.06671, 4.00999
2.21, 9.10618, 3.87008
2.22, 9.14377, 3.63831
2.23, 9.1786, 3.31617
2.24, 9.20975, 2.90608
2.25, 9.23637, 2.41134
2.26, 9.25763, 1.8361
2.27, 9.27275, 1.18531
2.28, 9.28101, 0.46468
2.29, 9.28173, -0.319357
2.3, 9.27433, -1.15975
2.31, 9.25827, -2.04886
2.32, 9.2331, -2.97857
2.33, 9.19847, -3.94036
2.34, 9.1541, -4.92536
2.35, 9.09979, -5.92447
2.36, 9.03547, -6.92846
2.37, 8.96112, -7.92802
2.38, 8.87684, -8.9139
2.39, 8.78281, -9.87697
2.4, 8.6793, -10.8083
2.41, 8.56668, -11.6993
2.42, 8.44538, -12.5419
2.43, 8.31594, -13.3281
2.44, 8.17895, -14.051
2.45, 8.03509, -14.7039
2.46, 7.88507, -15.281
2.47, 7.72969, -15.7773
2.48, 7.56978, -16.1883
2.49, 7.4062, -16.5108
2.5, 7.23986, -16.742
2.51, 7.07168, -16.8803
2.52, 6.90258, -16.925
2.53, 6.73351, -16.8763
2.54, 6.5654, -16.7353
2.55, 6.39916, -16.5039
2.56, 6.23568, -16.1852
2.57, 6.07581, -15.7829
2.58, 5.92036, -15.3016
2.59, 5.77011, -14.7466
2.6, 5.62575, -14.1242
2.61, 5.48793, -13.4412
2.62, 5.35722, -12.7048
2.63, 5.2341, -11.9231
2.64, 5.119, -11.1043
2.65, 5.01223, -10.2573
2.66, 4.91404, -9.39091
2.67, 4.82457, -8.51443
2.68, 4.74388, -7.6371
2.69, 4.67192, -6.76821
2.7, 4.60857, -5.91692
2.71, 4.55361, -5.09225
2.72, 4.50672, -4.30292
2.73, 4.46751, -3.55729
2.74, 4.43549, -2.86328
2.75, 4.41013, -2.22829
2.76, 4.39078, -1.65911
2.77, 4.37677, -1.16189
2.78, 4.36734, -0.742015
2.79, 4.3617, -0.40412
2.8, 4.35901, -0.151999
2.81, 4.35839, 0.0114162
2.82, 4.35894, 0.0840896
2.83, 4.35976, 0.0648996
2.84, 4.35992, -0.046349
2.85, 4.3585, -0.248923
2.86, 4.3546, -0.541169
2.87, 4.34734, -0.920527
2.88, 4.33586, -1.38356
2.89, 4.31934, -1.92599
2.9, 4.29701, -2.54272
2.91, 4.26817, -3.22793
2.92, 4.23216, -3.97508
2.93, 4.18839, -4.77702
2.94, 4.13636, -5.62604
2.95, 4.07563, -6.51395
2.96, 4.00587, -7.43215
2.97, 3.92681, -8.37175
2.98, 3.83828, -9.32362
2.99, 3.74022, -10.2785
3, 3.63262, -11.2271
3.01, 3.51562, -12.1602
3.02, 3.3894, -13.0688
3.03, 3.25426, -13.9438
3.04, 3.11058, -14.7768
3.05, 2.95881, -15.5598
3.06, 2.7995, -16.285
3.07, 2.63326, -16.9453
3.08, 2.46078, -17.5345
3.09, 2.28279, -18.0467
3.1, 2.10009, -18.477
3.11, 1.91351, -18.8213
3.12, 1.72395, -19.0761
3.13, 1.5323, -19.2392
3.14, 1.33949, -19.3091
3.15, 1.14646, -19.285
3.16, 0.954142, -19.1675
3.17, 0.763469, -18.9576
3.18, 0.575352, -18.6577
3.19, 0.390678, -18.2708
3.2, 0.210296, -17.8008
3.21, 0.0350145, -17.2525
3.22, -0.134411, -16.6314
3.23, -0.297284, -15.9438
3.24, -0.452973, -15.1965
3.25, -0.600919, -14.3971
3.26, -0.740641, -13.5535
3.27, -0.87174, -12.6741
3.28, -0.993902, -11.7678
3.29, -1.1069, -10.8436
3.3, -1.21061, -9.91068
3.31, -1.30499, -8.97834
3.32, -1.39008, -8.05586
3.33, -1.46604, -7.15239
3.34, -1.5331, -6.27691
3.35, -1.59159, -5.43809
3.36, -1.64191, -4.64422
3.37, -1.68455, -3.90316
3.38, -1.72008, -3.2222
3.39, -1.74913, -2.60804
3.4, -1.77241, -2.06671
3.41, -1.79067, -1.60348
3.42, -1.80471, -1.22285
3.43, -1.81537, -0.928477
3.44, -1.82354, -0.723147
3.45, -1.83012, -0.608751
3.46, -1.83602, -0.58626
3.47, -1.84216, -0.655718
3.48, -1.84946, -0.816242
3.49, -1.85882, -1.06603
3.5, -1.87111, -1.40238
3.51, -1.88719, -1.82171
3.52, -1.90787, -2.31961
3.53, -1.9339, -2.89087
3.54, -1.96599, -3.52953
3.55, -2.00478, -4.22898
3.56, -2.05084, -4.98194
3.57, -2.10466, -5.78065
3.58, -2.16667, -6.61682
3.59, -2.2372, -7.48183
3.6, -2.31648, -8.36673
3.61, -2.40467, -9.26239
3.62, -2.50184, -10.1595
3.63, -2.60794, -11.0489
3.64, -2.72285, -11.9212
3.65, -2.84637, -12.7674
3.66, -2.97817, -13.5788
3.67, -3.11788, -14.3469
3.68, -3.26501, -15.0635
3.69, -3.41902, -15.7213
3.7, -3.57927, -16.3132
3.71, -3.74509, -16.833
3.72, -3.91571, -17.2749
3.73, -4.09033, -17.6343
3.74, -4.26812, -17.9072
3.75, -4.44818, -18.0903
3.76, -4.62961, -18.1814
3.77, -4.81147, -18.1791
3.78, -4.99284, -18.0831
3.79, -5.17278, -17.8939
3.8, -5.35035, -17.6128
3.81, -5.52466, -17.2422
3.82, -5.69483, -16.7853
3.83, -5.86001, -16.2463
3.84, -6.0194, -15.63
3.85, -6.17226, -14.942
3.86, -6.31791, -14.1887
3.87, -6.45572, -13.3772
3.88, -6.58515, -12.5149
3.89, -6.70574, -11.6101
3.9, -6.81711, -10.6712
3.91, -6.91895, -9.70696
3.92, -7.01106, -8.72657
3.93, -7.09332, -7.73921
3.94, -7.16571, -6.75419
3.95, -7.22831, -5.78078
3.96, -7.28127, -4.82811
3.97, -7.32485, -3.90511
3.98, -7.35938, -3.02041
3.99, -7.3853, -2.18223
4, -7.4031, -1.39835
4.01, -7.41338, -0.675973
4.02, -7.41677, -0.0216908
4.03, -7.41398, 0.558591
4.04, -7.4058, 1.05972
4.05, -7.39302, 1.47732
4.06, -7.3765, 1.80789
4.07, -7.35713, 2.04877
4.08, -7.33581, 2.19824
4.09, -7.31347, 2.25546
4.1, -7.29102, 2.22055
4.11, -7.26938, 2.09453
4.12, -7.24945, 1.87937
4.13, -7.23212, 1.57791
4.14, -7.21822, 1.19385
4.15, -7.20856, 0.731764
4.16, -7.2039, 0.196969
4.17, -7.20492, -0.404467
4.18, -7.21227, -1.0658
4.19, -7.2265, -1.7797
4.2, -7.24811, -2.53829
4.21, -7.27749, -3.33324
4.22, -7.31497, -4.15587
4.23, -7.36077, -4.99719
4.24, -7.41504, -5.84803
4.25, -7.47783, -6.69914
4.26, -7.5491, -7.54122
4.27, -7.62869, -8.3651
4.28, -7.7164, -9.16176
4.29, -7.81189, -9.92245
4.3, -7.91478, -10.6388
4.31, -8.02457, -11.3028
4.32, -8.1407, -11.907
4.33, -8.26254, -12.4447
4.34, -8.38939, -12.9095
4.35, -8.5205, -13.2961
4.36, -8.65506, -13.5998
4.37, -8.79222, -13.8167
4.38, -8.93109, -13.9438
4.39, -9.07078, -13.9791
4.4, -9.21034, -13.9212
4.41, -9.34885, -13.77
4.42, -9.48538, -13.5261
4.43, -9.61901, -13.1911
4.44, -9.74884, -12.7675
4.45, -9.87399, -12.2587
4.46, -9.99365, -11.6688
4.47, -10.107, -11.003
4.48, -10.2134, -10.267
4.49, -10.312, -9.46724
4.5, -10.4024, -8.61089
4.51, -10.484, -7.70561
4.52, -10.5562, -6.75957
4.53, -10.6189, -5.78132
4.54, -10.6717, -4.77976
4.55, -10.7143, -3.76399
4.56, -10.7468, -2.74327
4.57, -10.7691, -1.72691
4.58, -10.7812, -0.724141
4.59, -10.7835, 0.255905
4.6, -10.7761, 1.20435
4.61, -10.7594, 2.11262
4.62, -10.7339, 2.97256
4.63, -10.7001, 3.77648
4.64, -10.6585, 4.51728
4.65, -10.6099, 5.18847
4.66, -10.5549, 5.78426
4.67, -10.4944, 6.29963
4.68, -10.4292, 6.73035
4.69, -10.3601, 7.07303
4.7, -10.288, 7.3252
4.71, -10.2138, 7.48526
4.72, -10.1386, 7.55254
4.73, -10.0631, 7.5273
4.74, -9.98837, 7.41072
4.75, -9.91524, 7.20493
4.76, -9.8446, 6.91289
4.77, -9.77731, 6.53848
4.78, -9.71416, 6.08636
4.79, -9.6559, 5.56201
4.8, -9.60322, 4.9716
4.81, -9.55675, 4.32198
4.82, -9.51705, 3.62057
4.83, -9.48459, 2.87533
4.84, -9.45976, 2.09465
4.85, -9.44289, 1.28727
4.86, -9.43418, 0.462215
4.87, -9.43378, -0.371334
4.88, -9.44171, -1.2041
4.89, -9.45793, -2.02682
4.9, -9.48228, -2.83032
4.91, -9.51454, -3.60563
4.92, -9.55436, -4.34406
4.93, -9.60135, -5.03729
4.94, -9.65501, -5.67743
4.95, -9.71476, -6.25716
4.96, -9.77998, -6.76972
4.97, -9.84996, -7.20907
4.98, -9.92394, -7.56986
4.99, -10.0011, -7.84755
5, -10.0806, -8.03841
5.01, -10.1616, -8.13961
5.02, -10.2431, -8.14919
5.03, -10.3242, -8.06612
5.04, -10.4041, -7.89029
5.05, -10.4817, -7.62251
5.06, -10.5562, -7.26453
5.07, -10.6266, -6.819
5.08, -10.6922, -6.28943
5.09, -10.7521, -5.68018
5.1, -10.8055, -4.99641
5.11, -10.8517, -4.24403
5.12, -10.89, -3.42963
5.13, -10.92, -2.56042
5.14, -10.9409, -1.64416
5.15, -10.9526, -0.689096
5.16, -10.9545, 0.296151
5.17, -10.9465, 1.30265
5.18, -10.9283, 2.32126
5.19, -10.8999, 3.34272
5.2, -10.8613, 4.35771
5.21, -10.8127, 5.35702
5.22, -10.7541, 6.33154
5.23, -10.686, 7.27245
5.24, -10.6087, 8.17125
5.25, -10.5227, 9.01984
5.26, -10.4284, 9.81063
5.27, -10.3266, 10.5366
5.28, -10.2179, 11.1914
5.29, -10.103, 11.7694
5.3, -9.98271, 12.2656
5.31, -9.85792, 12.6761
5.32, -9.72946, 12.9974
5.33, -9.59826, 13.2274
5.34, -9.46523, 13.3645
5.35, -9.33129, 13.4083
5.36, -9.19739, 13.3592
5.37, -9.06445, 13.2185
5.38, -8.93337, 12.9885
5.39, -8.80502, 12.6723
5.4, -8.68026, 12.2739
5.41, -8.55988, 11.7982
5.42, -8.44462, 11.2506
5.43, -8.33518, 10.6376
5.44, -8.23216, 9.96608
5.45, -8.13613, 9.24352
5.46, -8.04754, 8.47798
5.47, -7.9668, 7.67793
5.48, -7.89419, 6.85215
5.49, -7.82993, 6.00971
5.5, -7.77413, 5.1598
5.51, -7.72684, 4.31172
5.52, -7.68797, 3.47472
5.53, -7.65738, 2.65795
5.54, -7.63482, 1.87033
5.55, -7.61995, 1.1205
5.56, -7.61235, 0.416735
5.57, -7.61152, -0.233193
5.58, -7.61688, -0.822033
5.59, -7.6278, -1.34315
5.6, -7.64356, -1.79061
5.61, -7.66339, -2.15919
5.62, -7.6865, -2.44448
5.63, -7.71201, -2.64291
5.64, -7.73907, -2.75178
5.65, -7.76674, -2.76928
5.66, -7.79413, -2.69454
5.67, -7.8203, -2.5276
5.68, -7.84434, -2.26944
5.69, -7.86535, -1.92194
5.7, -7.88244, -1.4879
5.71, -7.89476, -0.970972
5.72, -7.90152, -0.375661
5.73, -7.90194, 0.292752
5.74, -7.89534, 1.02824
5.75, -7.88108, 1.82412
5.76, -7.85858, 2.67306
5.77, -7.82736, 3.56723
5.78, -7.787, 4.49833
5.79, -7.73718, 5.45766
5.8, -7.67766, 6.43627
5.81, -7.6083, 7.42498
5.82, -7.52904, 8.41452
5.83, -7.43992, 9.39559
5.84, -7.34108, 10.359
5.85, -7.23273, 11.2957
5.86, -7.11518, 12.1968
5.87, -6.98884, 13.0541
5.88, -6.85419, 13.8593
5.89, -6.71178, 14.6052
5.9, -6.56224, 15.2846
5.91, -6.40627, 15.8915
5.92, -6.24462, 16.4202
5.93, -6.07811, 16.8661
5.94, -5.90757, 17.2251
5.95, -5.73389, 17.4942
5.96, -5.55799, 17.6712
5.97, -5.38079, 17.7548
5.98, -5.20323, 17.7447
5.99, -5.02624, 17.6414
6, -4.85076, 17.4464
6.01, -4.67767, 17.1623
6.02, -4.50787, 16.7921
6.03, -4.34218, 16.3402
6.04, -4.18141, 15.8114
6.05, -4.02628, 15.2115
6.06, -3.8775, 14.5468
6.07, -3.73565, 13.8245
6.08, -3.60129, 13.0521
6.09, -3.47487, 12.2378
6.1, -3.35677, 11.39
6.11, -3.24728, 10.5177
6.12, -3.14659, 9.62994
6.13, -3.05482, 8.73593
6.14, -2.97199, 7.84496
6.15, -2.89801, 6.96628
6.16, -2.83271, 6.10902
6.17, -2.77584, 5.28207
6.18, -2.72705, 4.49401
6.19, -2.6859, 3.75304
6.2, -2.65189, 3.06685
6.21, -2.62444, 2.4426
6.22, -2.60289, 1.88682
6.23, -2.58652, 1.40534
6.24, -2.57457, 1.00324
6.25, -2.56622, 0.68479
6.26, -2.56061, 0.453437
6.27, -2.55687, 0.311732
6.28, -2.55408, 0.261326
6.29, -2.55133, 0.302951
6.3, -2.5477, 0.436408
6.31, -2.54227, 0.660572
6.32, -2.53415, 0.973405
6.33, -2.52247, 1.37197
6.34, -2.50638, 1.85248
6.35, -2.48509, 2.41029
6.36, -2.45786, 3.03999
6.37, -2.42399, 3.73547
6.38, -2.38286, 4.4899
6.39, -2.33392, 5.2959
6.4, -2.2767, 6.14554
6.41, -2.21079, 7.03044
6.42, -2.13589, 7.94189
6.43, -2.05178, 8.87087
6.44, -1.95834, 9.8082
6.45, -1.85552, 10.7446
6.46, -1.74338, 11.6708
6.47, -1.62206, 12.5776
6.48, -1.49182, 13.4559
6.49, -1.35298, 14.2972
6.5, -1.20595, 15.0929
6.51, -1.05122, 15.8353
6.52, -0.889378, 16.5168
6.53, -0.721055, 17.1307
6.54, -0.546962, 17.6709
6.55, -0.367864, 18.132
6.56, -0.184577, 18.5092
6.57, 0.00204215, 18.799
6.58, 0.191102, 18.9982
6.59, 0.381688, 19.105
6.6, 0.572867, 19.1181
6.61, 0.763702, 19.0374
6.62, 0.953258, 18.8636
6.63, 1.14061, 18.5984
6.64, 1.32486, 18.2443
6.65, 1.50513, 17.8049
6.66, 1.6806, 17.2843
6.67, 1.85047, 16.6877
6.68, 2.01401, 16.0209
6.69, 2.17056, 15.2904
6.7, 2.31951, 14.5034
6.71, 2.46034, 13.6676
6.72, 2.5926, 12.7913
6.73, 2.71593, 11.8829
6.74, 2.83005, 10.9515
6.75, 2.93477, 10.006
6.76, 3.03002, 9.05587
6.77, 3.11578, 8.11029
6.78, 3.19214, 7.17852
6.79, 3.2593, 6.26965
6.8, 3.31752, 5.39254
6.81, 3.36717, 4.55571
6.82, 3.40869, 3.76729
6.83, 3.4426, 3.0349
6.84, 3.46951, 2.36559
6.85, 3.49007, 1.76578
6.86, 3.50501, 1.24119
6.87, 3.5151, 0.79677
6.88, 3.52118, 0.436668
6.89, 3.52409, 0.164178
6.9, 3.52474, -0.0182907
6.91, 3.52402, -0.109235
6.92, 3.52286, -0.108076
6.93, 3.52218, -0.0151619
6.94, 3.52288, 0.168233
6.95, 3.52587, 0.439923
6.96, 3.53201, 0.79683
6.97, 3.54213, 1.23502
6.98, 3.55703, 1.74973
6.99, 3.57744, 2.33544
7, 3.60403, 2.98589
7.01, 3.63743, 3.6942
7.02, 3.67818, 4.45285
7.03, 3.72673, 5.25387
7.04, 3.78347, 6.08882
7.05, 3.84869, 6.94892
7.06, 3.9226, 7.82513
7.07, 4.00532, 8.70825
7.08, 4.09686, 9.589
7.09, 4.19716, 10.4581
7.1, 4.30605, 11.3064
7.11, 4.42328, 12.125
7.12, 4.5485, 12.9051
7.13, 4.6813, 13.6386
7.14, 4.82116, 14.3174
7.15, 4.9675, 14.9345
7.16, 5.11967, 15.483
7.17, 5.27696, 15.957
7.18, 5.43858, 16.3512
7.19, 5.60372, 16.6611
7.2, 5.77151, 16.8831
7.21, 5.94107, 17.0144
7.22, 6.11148, 17.0531
7.23, 6.2818, 16.9983
7.24, 6.45109, 16.85
7.25, 6.61843, 16.6089
7.26, 6.7829, 16.2771
7.27, 6.94361, 15.8571
7.28, 7.09968, 15.3526
7.29, 7.2503, 14.768
7.3, 7.39469, 14.1086
7.31, 7.53213, 13.3802
7.32, 7.66197, 12.5895
7.33, 7.78361, 11.7439
7.34, 7.89656, 10.8511
7.35, 8.00037, 9.91934
7.36, 8.09471, 8.95733
7.37, 8.17931, 7.974
7.38, 8.25401, 6.97852
7.39, 8.31874, 5.98014
7.4, 8.3735, 4.98818
7.41, 8.41842, 4.01185
7.42, 8.45369, 3.06021
7.43, 8.47962, 2.14207
7.44, 8.49656, 1.26592
7.45, 8.50499, 0.439775
7.46, 8.50545, -0.328807
7.47, 8.49854, -1.03287
7.48, 8.48495, -1.66611
7.49, 8.46541, -2.22294
7.5, 8.4407, -2.69852
7.51, 8.41168, -3.08884
7.52, 8.37919, -3.39076
7.53, 8.34414, -3.60201
7.54, 8.30744, -3.72124
7.55, 8.27002, -3.74802
7.56, 8.2328, -3.68285
7.57, 8.19669, -3.52716
7.58, 8.16259, -3.28329
7.59, 8.13136, -2.95444
7.6, 8.10383, -2.5447
7.61, 8.08078, -2.05894
7.62, 8.06296, -1.50283
7.63, 8.05102, -0.882723
7.64, 8.04558, -0.205614
7.65, 8.04717, 0.520918
7.66, 8.05623, 1.2888
7.67, 8.07315, 2.08954
7.68, 8.09821, 2.91431
7.69, 8.13159, 3.75406
7.7, 8.17341, 4.59954
7.71, 8.22367, 5.44149
7.72, 8.2823, 6.27066
7.73, 8.34911, 7.07791
7.74, 8.42384, 7.85433
7.75, 8.50615, 8.59132
7.76, 8.59559, 9.28066
7.77, 8.69164, 9.91461
7.78, 8.79373, 10.486
7.79, 8.90118, 10.9882
7.8, 9.01328, 11.4153
7.81, 9.12925, 11.7623
7.82, 9.24827, 12.0248
7.83, 9.36946, 12.1992
7.84, 9.49194, 12.283
7.85, 9.6148, 12.2745
7.86, 9.73709, 12.1728
7.87, 9.8579, 11.9781
7.88, 9.9763, 11.6914
7.89, 10.0914, 11.3147
7.9, 10.2022, 10.851
7.91, 10.308, 10.3038
7.92, 10.4079, 9.6778
7.93, 10.5012, 8.97836
7.94, 10.5872, 8.21155
7.95, 10.6651, 7.38412
7.96, 10.7346, 6.50345
7.97, 10.7949, 5.57742
7.98, 10.8459, 4.61438
7.99, 10.887, 3.62304
8, 10.9181, 2.61239
8.01, 10.9391, 1.59161
8.02, 10.9498, 0.569995
8.03, 10.9504, -0.443168
8.04, 10.9409, -1.43867
8.05, 10.9216, -2.40749
8.06, 10.8927, -3.34086
8.07, 10.8548, -4.23037
8.08, 10.8082, -5.06807
8.09, 10.7535, -5.8465
8.1, 10.6914, -6.5588
8.11, 10.6225, -7.19878
8.12, 10.5476, -7.76098
8.13, 10.4675, -8.24069
8.14, 10.3831, -8.63406
8.15, 10.2951, -8.93806
8.16, 10.2046, -9.1506
8.17, 10.1124, -9.27046
8.18, 10.0195, -9.29739
8.19, 9.9268, -9.23202
8.2, 9.8352, -9.07595
8.21, 9.74561, -8.83166
8.22, 9.6589, -8.5025
8.23, 9.5759, -8.09269
8.24, 9.49737, -7.60726
8.25, 9.42407, -7.05196
8.26, 9.35663, -6.43328
8.27, 9.29568, -5.75831
8.28, 9.24173, -5.03472
8.29, 9.19523, -4.27065
8.3, 9.15653, -3.47466
8.31, 9.12592, -2.65562
8.32, 9.10357, -1.82263
8.33, 9.08959, -0.984927
8.34, 9.08397, -0.151789
8.35, 9.08661, 0.667545
8.36, 9.09734, 1.46398
8.37, 9.11588, 2.22865
8.38, 9.14187, 2.953
8.39, 9.17486, 3.6289
8.4, 9.21434, 4.24869
8.41, 9.25969, 4.80527
8.42, 9.31027, 5.29219
8.43, 9.36533, 5.70368
8.44, 9.42411, 6.03474
8.45, 9.48577, 6.28117
8.46, 9.54945, 6.4396
8.47, 9.61426, 6.50759
8.48, 9.67928, 6.48355
8.49, 9.7436, 6.36685
8.5, 9.80628, 6.15777
8.51, 9.8664, 5.85753
8.52, 9.92307, 5.46826
8.53, 9.97541, 4.99296
8.54, 10.0226, 4.43553
8.55, 10.0638, 3.80066
8.56, 10.0983, 3.09384
8.57, 10.1253, 2.32127
8.58, 10.1444, 1.48981
8.59, 10.1548, 0.606932
8.6, 10.1563, -0.319405
8.61, 10.1482, -1.28079
8.62, 10.1304, -2.26845
8.63, 10.1027, -3.27336
8.64, 10.0648, -4.28631
8.65, 10.0168, -5.29801
8.66, 9.95876, -6.29918
8.67, 9.89078, -7.28063
8.68, 9.81313, -8.23338
8.69, 9.72614, -9.14873
8.7, 9.63021, -10.0183
8.71, 9.52586, -10.8343
8.72, 9.41365, -11.5893
8.73, 9.29422, -12.2765
8.74, 9.1683, -12.89
8.75, 9.03664, -13.4243
8.76, 8.90005, -13.8749
8.77, 8.7594, -14.2381
8.78, 8.61558, -14.5109
8.79, 8.46949, -14.6916
8.8, 8.32206, -14.7789
8.81, 8.17424, -14.7729
8.82, 8.02694, -14.6743
8.83, 7.8811, -14.4848
8.84, 7.7376, -14.2071
8.85, 7.5973, -13.8447
8.86, 7.46105, -13.4019
8.87, 7.3296, -12.8839
8.88, 7.20369, -12.2966
8.89, 7.08397, -11.6466
8.9, 6.97105, -10.9411
8.91, 6.86542, -10.1878
8.92, 6.76754, -9.39495
8.93, 6.67774, -8.57117
8.94, 6.59631, -7.72538
8.95, 6.5234, -6.8667
8.96, 6.4591, -6.0044
8.97, 6.40341, -5.14775
8.98, 6.35621, -4.30598
8.99, 6.31732, -3.48815
9, 6.28644, -2.70308
9.01, 6.26322, -1.95926
9.02, 6.24718, -1.26476
9.03, 6.23781, -0.627153
9.04, 6.2345, -0.0534263
9.05, 6.23658, 0.450068
9.06, 6.2433, 0.877688
9.07, 6.2539, 1.22456
9.08, 6.26754, 1.48661
9.09, 6.28336, 1.66064
9.1, 6.30046, 1.74433
9.11, 6.31794, 1.73626
9.12, 6.33487, 1.63594
9.13, 6.35033, 1.44382
9.14, 6.3634, 1.16125
9.15, 6.37321, 0.79051
9.16, 6.37887, 0.334765
9.17, 6.37956, -0.201968
9.18, 6.3745, -0.814852
9.19, 6.36295, -1.49828
9.2, 6.34423, -2.24595
9.21, 6.31774, -3.05088
9.22, 6.28294, -3.90553
9.23, 6.23938, -4.80186
9.24, 6.18668, -5.73138
9.25, 6.12455, -6.68529
9.26, 6.05281, -7.65453
9.27, 5.97133, -8.62986
9.28, 5.88011, -9.60201
9.29, 5.77922, -10.5617
9.3, 5.66884, -11.4998
9.31, 5.54923, -12.4073
9.32, 5.42073, -13.2756
9.33, 5.28379, -14.0964
9.34, 5.13891, -14.862
9.35, 4.98668, -15.5651
9.36, 4.82777, -16.199
9.37, 4.6629, -16.7578
9.38, 4.49285, -17.2363
9.39, 4.31843, -17.6301
9.4, 4.14052, -17.9355
9.41, 3.96002, -18.15
9.42, 3.77784, -18.2716
9.43, 3.59492, -18.2996
9.44, 3.41219, -18.2339
9.45, 3.23059, -18.0756
9.46, 3.05104, -17.8264
9.47, 2.87442, -17.4893
9.48, 2.70161, -17.0678
9.49, 2.53342, -16.5665
9.5, 2.37062, -15.9906
9.51, 2.21394, -15.3462
9.52, 2.06402, -14.64
9.53, 1.92144, -13.8792
9.54, 1.78671, -13.0717
9.55, 1.66026, -12.2258
9.56, 1.54242, -11.3502
9.57, 1.43345, -10.4539
9.58, 1.33351, -9.54596
9.59, 1.24267, -8.6357
9.6, 1.1609, -7.73241
9.61, 1.08809, -6.84529
9.62, 1.02403, -5.98337
9.63, 0.968419, -5.15544
9.64, 0.920882, -4.36991
9.65, 0.880952, -3.63478
9.66, 0.848085, -2.95754
9.67, 0.821667, -2.34508
9.68, 0.801018, -1.80364
9.69, 0.7854, -1.33874
9.7, 0.774023, -0.955132
9.71, 0.766052, -0.656738
9.72, 0.760621, -0.446626
9.73, 0.756834, -0.326972
9.74, 0.75378, -0.299039
9.75, 0.750538, -0.363164
9.76, 0.746192, -0.518758
9.77, 0.739833, -0.764307
9.78, 0.730572, -1.09739
9.79, 0.717552, -1.5147
9.8, 0.69995, -2.01209
9.81, 0.676989, -2.58459
9.82, 0.647948, -3.22647
9.83, 0.612164, -3.93132
9.84, 0.569043, -4.69208
9.85, 0.518065, -5.5011
9.86, 0.458786, -6.35027
9.87, 0.39085, -7.23106
9.88, 0.313983, -8.13461
9.89, 0.228005, -9.05183
9.9, 0.132826, -9.97349
9.91, 0.0284474, -10.8903
9.92, -0.0850342, -11.793
9.93, -0.207432, -12.6724
9.94, -0.338468, -13.5198
9.95, -0.477777, -14.3264
9.96, -0.624912, -15.0842
9.97, -0.779343, -15.7853
9.98, -0.940467, -16.4228
9.99, -1.10762, -16.9899
10, -1.28005, -17.481
