0, 0.31831, 0.0579791
0.1, 0.324108, 0.171765
0.2, 0.335486, 0.280346
0.3, 0.352142, 0.382059
0.4, 0.373692, 0.475369
0.5, 0.399679, 0.558888
0.6, 0.429581, 0.63139
0.7, 0.462818, 0.691826
0.8, 0.498764, 0.739332
0.9, 0.536752, 0.773237
1, 0.576087, 0.793059
1.1, 0.616057, 0.798503
1.2, 0.655938, 0.78945
1.3, 0.695002, 0.765945
1.4, 0.732532, 0.728182
1.5, 0.767821, 0.676483
1.6, 0.800181, 0.611282
1.7, 0.828949, 0.533109
1.8, 0.853491, 0.442573
1.9, 0.873206, 0.340353
2, 0.887527, 0.227191
2.1, 0.895925, 0.103891
2.2, 0.897916, -0.0286791
2.3, 0.893057, -0.169578
2.4, 0.880958, -0.317777
2.5, 0.86128, -0.472148
2.6, 0.833743, -0.631446
2.7, 0.798135, -0.794287
2.8, 0.754315, -0.959143
2.9, 0.702221, -1.12433
3, 0.641882, -1.28801
3.1, 0.57342, -1.4482
3.2, 0.497061, -1.60282
3.3, 0.413138, -1.74971
3.4, 0.32209, -1.88672
3.5, 0.224466, -2.01177
3.6, 0.120913, -2.12294
3.7, 0.0121719, -2.21858
3.8, -0.100945, -2.2974
3.9, -0.217568, -2.35851
4, -0.336796, -2.40154
4.1, -0.457722, -2.42659
4.2, -0.579455, -2.43429
4.3, -0.70115, -2.42569
4.4, -0.822024, -2.40226
4.5, -0.941376, -2.36572
4.6, -1.0586, -2.31802
4.7, -1.17318, -2.26116
4.8, -1.28471, -2.19714
4.9, -1.39289, -2.12786
5, -1.4975, -2.05507
5.1, -1.5984, -1.9803
5.2, -1.69553, -1.90484
5.3, -1.78888, -1.82978
5.4, -1.87851, -1.75591
5.5, -1.96447, -1.68384
5.6, -2.04689, -1.61397
5.7, -2.12587, -1.54648
5.8, -2.20154, -1.48143
5.9, -2.27401, -1.41874
6, -2.34341, -1.35821
6.1, -2.40983, -1.29955
6.2, -2.47337, -1.2424
6.3, -2.53407, -1.18638
6.4, -2.592, -1.13102
6.5, -2.64718, -1.07585
6.6, -2.69959, -1.02038
6.7, -2.74921, -0.964115
6.8, -2.796, -0.90654
6.9, -2.83987, -0.84715
7, -2.88072, -0.78544
7.1, -2.91841, -0.720913
7.2, -2.95281, -0.653079
7.3, -2.98372, -0.581454
7.4, -3.01095, -0.505564
7.5, -3.03428, -0.424942
7.6, -3.05345, -0.339125
7.7, -3.06819, -0.247655
7.8, -3.07821, -0.150073
7.9, -3.0832, -0.0459172
8, -3.0828, 0.0652845
8.1, -3.07667, 0.184016
8.2, -3.0644, 0.310782
8.3, -3.04559, 0.446107
8.4, -3.01979, 0.590546
8.5, -2.98654, 0.744681
8.6, -2.94532, 0.909119
8.7, -2.89562, 1.08448
8.8, -2.83688, 1.27139
8.9, -2.76849, 1.47042
9, -2.68983, 1.68208
9.1, -2.60028, 1.90672
9.2, -2.49916, 2.14441
9.3, -2.38584, 2.39485
9.4, -2.25968, 2.65715
9.5, -2.12012, 2.92968
9.6, -1.96671, 3.20976
9.7, -1.79914, 3.49351
9.8, -1.61736, 3.77563
9.9, -1.42158, 4.04932
10, -1.21243, 4.30639
10.1, -0.990941, 4.53764
10.2, -0.758661, 4.73348
10.3, -0.517593, 4.88488
10.4, -0.270173, 4.98443
10.5, -0.0191496, 5.02738
10.6, 0.232566, 5.01237
10.7, 0.482087, 4.94168
10.8, 0.726734, 4.82098
10.9, 0.964185, 4.65851
11, 1.19258, 4.46403
11.1, 1.41059, 4.24772
11.2, 1.61736, 4.01923
11.3, 1.81251, 3.78703
11.4, 1.99606, 3.55801
11.5, 2.16831, 3.33742
11.6, 2.3298, 3.12896
11.7, 2.48121, 2.93495
11.8, 2.6233, 2.75664
11.9, 2.75687, 2.59441
12, 2.88274, 2.44802
12.1, 3.00167, 2.31682
12.2, 3.11442, 2.19989
12.3, 3.22166, 2.09613
12.4, 3.32403, 2.00439
12.5, 3.4221, 1.92352
12.6, 3.51638, 1.85237
12.7, 3.60734, 1.78986
12.8, 3.69537, 1.735
12.9, 3.78084, 1.68685
13, 3.86406, 1.64455
13.1, 3.94529, 1.60734
13.2, 4.02479, 1.5745
13.3, 4.10274, 1.54543
13.4, 4.17933, 1.51953
13.5, 4.2547, 1.49632
13.6, 4.32896, 1.47533
13.7, 4.40223, 1.45616
13.8, 4.47458, 1.43845
13.9, 4.54607, 1.42189
14, 4.61677, 1.4062
14.1, 4.68669, 1.39114
14.2, 4.75588, 1.37653
14.3, 4.82435, 1.36218
14.4, 4.8921, 1.34797
14.5, 4.95914, 1.33381
14.6, 5.02548, 1.31962
14.7, 5.09111, 1.30538
14.8, 5.15602, 1.29106
14.9, 5.22021, 1.2767
15, 5.28369, 1.26233
15.1, 5.34645, 1.24803
15.2, 5.40849, 1.23388
15.3, 5.46983, 1.21998
15.4, 5.53049, 1.20644
15.5, 5.59048, 1.19338
15.6, 5.64983, 1.18093
15.7, 5.70857, 1.16918
15.8, 5.76675, 1.15827
15.9, 5.8244, 1.14829
16, 5.88158, 1.13932
16.1, 5.93833, 1.13143
16.2, 5.99472, 1.12466
16.3, 6.0508, 1.11903
16.4, 6.10662, 1.11454
16.5, 6.16225, 1.11115
16.6, 6.21774, 1.10879
16.7, 6.27313, 1.10739
16.8, 6.32847, 1.10682
16.9, 6.38381, 1.10694
17, 6.43917, 1.10761
17.1, 6.49457, 1.10862
17.2, 6.55003, 1.1098
17.3, 6.60555, 1.11094
17.4, 6.66113, 1.11182
17.5, 6.71673, 1.11222
17.6, 6.77235, 1.11192
17.7, 6.82793, 1.11071
17.8, 6.88342, 1.10836
17.9, 6.93876, 1.10467
18, 6.99389, 1.09942
18.1, 7.0487, 1.09244
18.2, 7.10313, 1.08353
18.3, 7.15706, 1.0725
18.4, 7.21038, 1.0592
18.5, 7.26298, 1.04344
18.6, 7.31472, 1.02506
18.7, 7.36548, 1.00389
18.8, 7.41511, 0.979774
18.9, 7.46346, 0.952526
19, 7.51037, 0.921966
19.1, 7.55566, 0.887902
19.2, 7.59916, 0.850126
19.3, 7.64067, 0.808417
19.4, 7.68, 0.762537
19.5, 7.71692, 0.712228
19.6, 7.75122, 0.657215
19.7, 7.78264, 0.597205
19.8, 7.81094, 0.531886
19.9, 7.83583, 0.460933
20, 7.85703, 0.384009
20.1, 7.87423, 0.300769
20.2, 7.88711, 0.210871
20.3, 7.89532, 0.113977
20.4, 7.89851, 0.00976983
20.5, 7.8963, -0.102035
20.6, 7.8883, -0.221675
20.7, 7.87413, -0.34932
20.8, 7.85337, -0.485047
20.9, 7.82563, -0.628816
21, 7.79049, -0.780435
21.1, 7.74758, -0.939522
21.2, 7.69654, -1.10547
21.3, 7.63704, -1.27741
21.4, 7.5688, -1.45416
21.5, 7.49162, -1.63418
21.6, 7.40538, -1.8156
21.7, 7.31006, -1.99613
21.8, 7.20577, -2.17315
21.9, 7.09274, -2.34372
22, 6.97139, -2.50467
22.1, 6.84228, -2.65275
22.2, 6.70612, -2.78478
22.3, 6.5638, -2.89785
22.4, 6.41633, -2.98954
22.5, 6.26485, -3.05808
22.6, 6.11053, -3.10255
22.7, 5.95459, -3.12294
22.8, 5.79823, -3.12019
22.9, 5.64257, -3.09612
23, 5.48862, -3.05326
23.1, 5.33725, -2.99473
23.2, 5.18915, -2.92395
23.3, 5.04485, -2.84449
23.4, 4.9047, -2.75987
23.5, 4.76886, -2.67335
23.6, 4.63736, -2.58792
23.7, 4.51007, -2.50616
23.8, 4.38675, -2.43023
23.9, 4.26705, -2.36193
24, 4.15055, -2.30267
24.1, 4.03678, -2.25351
24.2, 3.9252, -2.21529
24.3, 3.81525, -2.18857
24.4, 3.70634, -2.17378
24.5, 3.59787, -2.17117
24.6, 3.48923, -2.1809
24.7, 3.37979, -2.20305
24.8, 3.26892, -2.23761
24.9, 3.15602, -2.28449
25, 3.04047, -2.34351
25.1, 2.92167, -2.41435
25.2, 2.79904, -2.49652
25.3, 2.67202, -2.58929
25.4, 2.54011, -2.69164
25.5, 2.40286, -2.80213
25.6, 2.2599, -2.91884
25.7, 2.11097, -3.0393
25.8, 1.95597, -3.16036
25.9, 1.79494, -3.27822
26, 1.62815, -3.3884
26.1, 1.4561, -3.48586
26.2, 1.27956, -3.56515
26.3, 1.09958, -3.62074
26.4, 0.917486, -3.64732
26.5, 0.73485, -3.64022
26.6, 0.553464, -3.59582
26.7, 0.375268, -3.51186
26.8, 0.202278, -3.38763
26.9, 0.036505, -3.22401
27, -0.120123, -3.02336
27.1, -0.265831, -2.78922
27.2, -0.399046, -2.52597
27.3, -0.518428, -2.23845
27.4, -0.622891, -1.93163
27.5, -0.711591, -1.6103
27.6, -0.783921, -1.27894
27.7, -0.839485, -0.94161
27.8, -0.878082, -0.601914
27.9, -0.899677, -0.263088
28, -0.904391, 0.0719299
28.1, -0.892484, 0.400386
28.2, -0.864352, 0.719599
28.3, -0.820524, 1.02686
28.4, -0.761666, 1.31937
28.5, -0.688587, 1.59417
28.6, -0.602248, 1.84821
28.7, -0.503766, 2.07834
28.8, -0.394414, 2.28147
28.9, -0.275619, 2.45472
29, -0.148942, 2.5956
29.1, -0.0160588, 2.7022
29.2, 0.121278, 2.77337
29.3, 0.261278, 2.80883
29.4, 0.402161, 2.80923
29.5, 0.542201, 2.77608
29.6, 0.679769, 2.71169
29.7, 0.81337, 2.61894
29.8, 0.941663, 2.50107
29.9, 1.06348, 2.36147
30, 1.17781, 2.20347
30.1, 1.28382, 2.03016
30.2, 1.38083, 1.84427
30.3, 1.46825, 1.64809
30.4, 1.54564, 1.44345
30.5, 1.6126, 1.23173
30.6, 1.66881, 1.01388
30.7, 1.71398, 0.790496
30.8, 1.74786, 0.561865
30.9, 1.77017, 0.328057
31, 1.78066, 0.0889926
31.1, 1.77907, -0.155477
31.2, 1.76512, -0.405485
31.3, 1.73852, -0.661069
31.4, 1.69901, -0.922074
31.5, 1.64631, -1.18806
31.6, 1.5802, -1.45819
31.7, 1.5005, -1.73114
31.8, 1.40709, -2.005
31.9, 1.3, -2.27716
32, 1.17937, -2.5443
32.1, 1.04557, -2.80237
32.2, 0.899137, -3.04668
32.3, 0.740898, -3.27211
32.4, 0.571927, -3.47334
32.5, 0.393564, -3.64534
32.6, 0.207393, -3.78374
32.7, 0.0151897, -3.88538
32.8, -0.181145, -3.94862
32.9, -0.379672, -3.97367
33, -0.578511, -3.96257
33.1, -0.775929, -3.91907
33.2, -0.970419, -3.84827
33.3, -1.16076, -3.75613
33.4, -1.34603, -3.64902
33.5, -1.52566, -3.53324
33.6, -1.69936, -3.41468
33.7, -1.86713, -3.29855
33.8, -2.02921, -3.18924
33.9, -2.18605, -3.09033
34, -2.33824, -3.00457
34.1, -2.48651, -2.93401
34.2, -2.63164, -2.88006
34.3, -2.77451, -2.8436
34.4, -2.916, -2.82506
34.5, -3.05702, -2.8245
34.6, -3.19845, -2.84164
34.7, -3.34118, -2.87586
34.8, -3.48604, -2.9262
34.9, -3.6338, -2.99132
35, -3.78517, -3.06941
35.1, -3.94074, -3.15816
35.2, -4.10099, -3.25463
35.3, -4.26621, -3.35524
35.4, -4.43651, -3.45568
35.5, -4.61178, -3.55098
35.6, -4.79161, -3.63557
35.7, -4.97533, -3.70351
35.8, -5.16196, -3.74876
35.9, -5.35021, -3.76557
36, -5.53852, -3.74891
36.1, -5.7251, -3.69489
36.2, -5.90801, -3.6011
36.3, -6.08521, -3.46679
36.4, -6.25469, -3.2929
36.5, -6.4145, -3.08192
36.6, -6.56288, -2.83759
36.7, -6.69826, -2.56446
36.8, -6.81932, -2.26758
36.9, -6.92502, -1.95205
37, -7.01453, -1.62278
37.1, -7.08729, -1.28432
37.2, -7.14296, -0.940736
37.3, -7.18137, -0.595646
37.4, -7.20253, -0.252258
37.5, -7.20659, 0.086525
37.6, -7.19387, 0.417989
37.7, -7.1648, 0.739493
37.8, -7.11992, 1.04836
37.9, -7.05996, 1.34182
38, -6.98574, 1.61694
38.1, -6.89826, 1.87067
38.2, -6.79868, 2.09987
38.3, -6.68828, 2.30146
38.4, -6.56853, 2.47257
38.5, -6.44102, 2.61072
38.6, -6.30746, 2.71403
38.7, -6.16962, 2.78138
38.8, -6.02932, 2.81254
38.9, -5.88836, 2.80819
39, -5.7485, 2.76993
39.1, -5.61137, 2.7001
39.2, -5.47849, 2.60163
39.3, -5.35121, 2.47781
39.4, -5.23071, 2.33205
39.5, -5.118, 2.16769
39.6, -5.01394, 1.98784
39.7, -4.91922, 1.79521
39.8, -4.83442, 1.59211
39.9, -4.76001, 1.38036
40, -4.69638, 1.16133
40.1, -4.64388, 0.935998
40.2, -4.60278, 0.704972
40.3, -4.57338, 0.468582
40.4, -4.55592, 0.226957
40.5, -4.55068, -0.0198972
40.6, -4.55791, -0.272014
40.7, -4.57788, -0.529372
40.8, -4.61085, -0.791809
40.9, -4.65706, -1.05892
41, -4.71674, -1.32996
41.1, -4.79006, -1.60373
41.2, -4.87712, -1.87849
41.3, -4.97791, -2.15186
41.4, -5.0923, -2.42077
41.5, -5.21999, -2.68144
41.6, -5.36045, -2.92946
41.7, -5.51293, -3.15991
41.8, -5.67644, -3.36766
41.9, -5.8497, -3.54768
42, -6.03121, -3.69553
42.1, -6.21925, -3.80776
42.2, -6.41198, -3.88235
42.3, -6.60749, -3.91898
42.4, -6.80388, -3.91914
42.5, -6.9994, -3.88602
42.6, -7.19248, -3.82421
42.7, -7.38182, -3.73933
42.8, -7.56642, -3.63751
42.9, -7.74557, -3.52494
43, -7.91891, -3.40751
43.1, -8.08632, -3.29053
43.2, -8.24796, -3.17855
43.3, -8.40418, -3.07531
43.4, -8.55549, -2.98377
43.5, -8.70256, -2.90613
43.6, -8.84611, -2.84398
43.7, -8.98695, -2.79835
43.8, -9.12594, -2.76981
43.9, -9.26393, -2.75858
44, -9.4018, -2.76451
44.1, -9.54039, -2.78718
44.2, -9.68052, -2.82585
44.3, -9.82297, -2.87947
44.4, -9.96846, -2.9466
44.5, -10.1176, -3.02537
44.6, -10.271, -3.11341
44.7, -10.429, -3.20774
44.8, -10.5918, -3.30479
44.9, -10.7595, -3.40029
45, -10.9318, -3.48938
45.1, -11.1084, -3.56668
45.2, -11.2885, -3.62652
45.3, -11.471, -3.66319
45.4, -11.6548, -3.67137
45.5, -11.8382, -3.64646
45.6, -12.0194, -3.585
45.7, -12.1967, -3.48494
45.8, -12.3679, -3.34583
45.9, -12.5313, -3.16879
46, -12.6848, -2.95636
46.1, -12.8269, -2.71219
46.2, -12.956, -2.44074
46.3, -13.071, -2.14684
46.4, -13.1707, -1.83541
46.5, -13.2545, -1.5112
46.6, -13.3218, -1.17861
46.7, -13.3724, -0.841643
46.8, -13.406, -0.503892
46.9, -13.4228, -0.168589
47, -13.4229, 0.161298
47.1, -13.4066, 0.482963
47.2, -13.3746, 0.793663
47.3, -13.3273, 1.09063
47.4, -13.2655, 1.37104
47.5, -13.1902, 1.63193
47.6, -13.1023, 1.87032
47.7, -13.0031, 2.08321
47.8, -12.894, 2.26776
47.9, -12.7764, 2.4214
48, -12.6518, 2.54203
48.1, -12.5222, 2.62821
48.2, -12.389, 2.67923
48.3, -12.2542, 2.69524
48.4, -12.1195, 2.67723
48.5, -11.9865, 2.62698
48.6, -11.8568, 2.5469
48.7, -11.7318, 2.43986
48.8, -11.6128, 2.309
48.9, -11.5009, 2.15749
49, -11.3971, 1.98837
49.1, -11.3021, 1.80445
49.2, -11.2166, 1.60816
49.3, -11.1413, 1.40152
49.4, -11.0765, 1.18614
49.5, -11.0226, 0.963244
49.6, -10.9801, 0.733699
49.7, -10.9493, 0.498085
49.8, -10.9303, 0.256772
49.9, -10.9236, 0.00999217
50, -10.9293, -0.24207
50.1, -10.9478, -0.49919
50.2, -10.9793, -0.761011
50.3, -11.0239, -1.02695
50.4, -11.082, -1.29608
50.5, -11.1535, -1.56706
50.6, -11.2387, -1.83802
50.7, -11.3373, -2.1065
50.8, -11.4493, -2.3694
50.9, -11.5743, -2.62299
51, -11.7116, -2.86298
51.1, -11.8606, -3.08469
51.2, -12.0201, -3.2833
51.3, -12.1889, -3.45423
51.4, -12.3655, -3.59347
51.5, -12.5482, -3.69806
51.6, -12.7353, -3.76639
51.7, -12.9249, -3.79844
51.8, -13.1151, -3.79586
51.9, -13.3045, -3.76183
52, -13.4913, -3.70079
52.1, -13.6745, -3.61803
52.2, -13.8531, -3.51931
52.3, -14.0265, -3.41041
52.4, -14.1942, -3.2968
52.5, -14.3561, -3.1834
52.6, -14.5125, -3.07444
52.7, -14.6636, -2.97341
52.8, -14.8099, -2.88307
52.9, -14.9519, -2.8055
53, -15.0904, -2.7422
53.1, -15.2261, -2.69415
53.2, -15.3598, -2.66194
53.3, -15.4923, -2.64582
53.4, -15.6244, -2.64575
53.5, -15.7569, -2.66141
53.6, -15.8905, -2.69225
53.7, -16.0261, -2.73747
53.8, -16.1643, -2.79595
53.9, -16.3057, -2.86623
54, -16.4509, -2.94645
54.1, -16.6004, -3.03426
54.2, -16.7543, -3.12676
54.3, -16.913, -3.22047
54.4, -17.0764, -3.31131
54.5, -17.2442, -3.39465
54.6, -17.4159, -3.46543
54.7, -17.5907, -3.51834
54.8, -17.7677, -3.54813
54.9, -17.9455, -3.54991
55, -18.1227, -3.51954
55.1, -18.2975, -3.45394
55.2, -18.4681, -3.35135
55.3, -18.6326, -3.21149
55.4, -18.7892, -3.0355
55.5, -18.9362, -2.82585
55.6, -19.0718, -2.58603
55.7, -19.1948, -2.32026
55.8, -19.3038, -2.03312
55.9, -19.3981, -1.72933
56, -19.4768, -1.41346
56.1, -19.5394, -1.08978
56.2, -19.5857, -0.76226
56.3, -19.6156, -0.434477
56.4, -19.6292, -0.109716
56.5, -19.6266, 0.208975
56.6, -19.6083, 0.518698
56.7, -19.5747, 0.816625
56.8, -19.5266, 1.09993
56.9, -19.4648, 1.36575
57, -19.3901, 1.61121
57.1, -19.3036, 1.83342
57.2, -19.2067, 2.02959
57.3, -19.1007, 2.19716
57.4, -18.987, 2.3339
57.5, -18.8673, 2.43811
57.6, -18.7432, 2.50872
57.7, -18.6164, 2.54537
57.8, -18.4886, 2.5485
57.9, -18.3616, 2.5193
58, -18.2367, 2.4596
58.1, -18.1156, 2.37177
58.2, -17.9995, 2.25854
58.3, -17.8897, 2.12281
58.4, -17.7873, 1.96746
58.5, -17.693, 1.79526
58.6, -17.6077, 1.60869
58.7, -17.5321, 1.40994
58.8, -17.4667, 1.2008
58.9, -17.4121, 0.982729
59, -17.3685, 0.75686
59.1, -17.3364, 0.524037
59.2, -17.3161, 0.284892
59.3, -17.3079, 0.0399144
59.4, -17.3121, -0.210463
59.5, -17.3289, -0.465779
59.6, -17.3587, -0.725454
59.7, -17.4015, -0.988692
59.8, -17.4575, -1.25439
59.9, -17.5269, -1.52104
60, -17.6096, -1.78666
60.1, -17.7056, -2.0487
60.2, -17.8145, -2.30408
60.3, -17.936, -2.54913
60.4, -18.0694, -2.77975
60.5, -18.214, -2.99155
60.6, -18.3686, -3.1801
60.7, -18.532, -3.34125
60.8, -18.7027, -3.47151
60.9, -18.8791, -3.56838
61, -19.0595, -3.63064
61.1, -19.2422, -3.65854
61.2, -19.4254, -3.65383
61.3, -19.6076, -3.61961
61.4, -19.7873, -3.56007
61.5, -19.9636, -3.48017
61.6, -20.1354, -3.38521
61.7, -20.3021, -3.28051
61.8, -20.4634, -3.17108
61.9, -20.6192, -3.06145
62, -20.7696, -2.9555
62.1, -20.9148, -2.85645
62.2, -21.0552, -2.76684
62.3, -21.1914, -2.68861
62.4, -21.3241, -2.62317
62.5, -21.4538, -2.57146
62.6, -21.5812, -2.53406
62.7, -21.7072, -2.51125
62.8, -21.8323, -2.50305
62.9, -21.9575, -2.50928
63, -22.0833, -2.52953
63.1, -22.2104, -2.56325
63.2, -22.3396, -2.60962
63.3, -22.4714, -2.6676
63.4, -22.6063, -2.73585
63.5, -22.745, -2.81266
63.6, -22.8876, -2.89592
63.7, -23.0346, -2.98303
63.8, -23.1859, -3.07089
63.9, -23.3416, -3.15584
64, -23.5015, -3.23379
64.1, -23.665, -3.30022
64.2, -23.8315, -3.35039
64.3, -24.0001, -3.37955
64.4, -24.1695, -3.38325
64.5, -24.3384, -3.35761
64.6, -24.5052, -3.29965
64.7, -24.6684, -3.20751
64.8, -24.826, -3.08059
64.9, -24.9764, -2.91959
65, -25.1179, -2.72644
65.1, -25.2491, -2.50406
65.2, -25.3684, -2.25615
65.3, -25.4747, -1.98685
65.4, -25.567, -1.70057
65.5, -25.6447, -1.40167
65.6, -25.7072, -1.09436
65.7, -25.7542, -0.782605
65.8, -25.7855, -0.470085
65.9, -25.8012, -0.160204
66, -25.8015, 0.143854
66.1, -25.7868, 0.439073
66.2, -25.7576, 0.722545
66.3, -25.7145, 0.99142
66.4, -25.6584, 1.24289
66.5, -25.5902, 1.47417
66.6, -25.511, 1.68259
66.7, -25.422, 1.8656
66.8, -25.3245, 2.02092
66.9, -25.2199, 2.14663
67, -25.1098, 2.2413
67.1, -24.9958, 2.30405
67.2, -24.8794, 2.33469
67.3, -24.7623, 2.33365
67.4, -24.646, 2.30205
67.5, -24.5321, 2.24152
67.6, -24.4219, 2.15416
67.7, -24.3167, 2.04236
67.8, -24.2176, 1.90866
67.9, -24.1258, 1.75562
68, -24.0421, 1.58569
68.1, -23.9672, 1.40111
68.2, -23.902, 1.20387
68.3, -23.8469, 0.995675
68.4, -23.8024, 0.777971
68.5, -23.7691, 0.551941
68.6, -23.7472, 0.318574
68.7, -23.7372, 0.0787207
68.8, -23.7393, -0.166835
68.9, -23.7539, -0.417292
69, -23.7811, -0.671751
69.1, -23.8211, -0.929123
69.2, -23.874, -1.18805
69.3, -23.9399, -1.44681
69.4, -24.0187, -1.70328
69.5, -24.1102, -1.95487
69.6, -24.2141, -2.19851
69.7, -24.33, -2.43073
69.8, -24.4572, -2.64771
69.9, -24.5948, -2.8455
70, -24.7418, -3.02021
70.1, -24.8968, -3.16831
70.2, -25.0586, -3.28695
70.3, -25.2255, -3.37418
70.4, -25.396, -3.42926
70.5, -25.5685, -3.45269
70.6, -25.7413, -3.44624
70.7, -25.9131, -3.41283
70.8, -26.0826, -3.35627
70.9, -26.2487, -3.28097
71, -26.4107, -3.1916
71.1, -26.5679, -3.09285
71.2, -26.7199, -2.98911
71.3, -26.8668, -2.88436
71.4, -27.0084, -2.78202
71.5, -27.145, -2.68494
71.6, -27.2769, -2.59537
71.7, -27.4045, -2.51506
71.8, -27.5284, -2.44526
71.9, -27.649, -2.38684
72, -27.7671, -2.34035
72.1, -27.8831, -2.30604
72.2, -27.9977, -2.28401
72.3, -28.1115, -2.27414
72.4, -28.2251, -2.27621
72.5, -28.3391, -2.28986
72.6, -28.4541, -2.31461
72.7, -28.5706, -2.34985
72.8, -28.6891, -2.39483
72.9, -28.81, -2.4486
73, -28.9339, -2.50997
73.1, -29.061, -2.5775
73.2, -29.1917, -2.64943
73.3, -29.326, -2.72362
73.4, -29.464, -2.79758
73.5, -29.6057, -2.8684
73.6, -29.7509, -2.93282
73.7, -29.899, -2.9873
73.8, -30.0496, -3.02809
73.9, -30.2018, -3.05143
74, -30.3547, -3.05375
74.1, -30.5072, -3.03185
74.2, -30.6579, -2.98316
74.3, -30.8055, -2.90589
74.4, -30.9485, -2.79922
74.5, -31.0854, -2.66331
74.6, -31.2148, -2.49931
74.7, -31.3354, -2.30924
74.8, -31.4458, -2.09588
74.9, -31.545, -1.86253
75, -31.632, -1.61285
75.1, -31.7062, -1.35067
75.2, -31.7671, -1.07982
75.3, -31.8142, -0.804062
75.4, -31.8475, -0.527001
75.5, -31.8669, -0.252054
75.6, -31.8727, 0.0175498
75.7, -31.8652, 0.278752
75.8, -31.8448, 0.528651
75.9, -31.8123, 0.764484
76, -31.7684, 0.983626
76.1, -31.7139, 1.1836
76.2, -31.65, 1.36211
76.3, -31.5777, 1.5171
76.4, -31.4983, 1.64677
76.5, -31.4131, 1.74971
76.6, -31.3233, 1.82492
76.7, -31.2306, 1.87184
76.8, -31.1362, 1.89043
76.9, -31.0415, 1.88112
77, -30.948, 1.84479
77.1, -30.857, 1.78273
77.2, -30.7698, 1.69655
77.3, -30.6874, 1.58807
77.4, -30.611, 1.45923
77.5, -30.5415, 1.31205
77.6, -30.4798, 1.14849
77.7, -30.4266, 0.970419
77.8, -30.3827, 0.779614
77.9, -30.3487, 0.577708
78, -30.3249, 0.366222
78.1, -30.312, 0.146586
78.2, -30.3103, -0.0798163
78.3, -30.32, -0.311595
78.4, -30.3414, -0.547296
78.5, -30.3747, -0.785338
78.6, -30.42, -1.02396
78.7, -30.4771, -1.26114
78.8, -30.5461, -1.49463
78.9, -30.6266, -1.72186
79, -30.7183, -1.94
79.1, -30.8206, -2.14601
79.2, -30.9329, -2.33676
79.3, -31.0543, -2.50911
79.4, -31.1838, -2.66014
79.5, -31.3203, -2.78734
79.6, -31.4625, -2.88876
79.7, -31.6092, -2.96323
79.8, -31.7588, -3.01046
79.9, -31.9102, -3.03106
80, -32.062, -3.02657
80.1, -32.2129, -2.99928
80.2, -32.3619, -2.9521
80.3, -32.5081, -2.88835
80.4, -32.6507, -2.81154
80.5, -32.7892, -2.72518
80.6, -32.9232, -2.63259
80.7, -33.0525, -2.53679
80.8, -33.1769, -2.44039
80.9, -33.2965, -2.34562
81, -33.4115, -2.25423
81.1, -33.522, -2.16758
81.2, -33.6282, -2.08668
81.3, -33.7306, -2.01219
81.4, -33.8295, -1.94451
81.5, -33.9251, -1.88383
81.6, -34.0178, -1.83014
81.7, -34.1081, -1.78333
81.8, -34.1962, -1.74319
81.9, -34.2824, -1.70942
82, -34.3671, -1.6817
82.1, -34.4506, -1.65968
82.2, -34.5331, -1.64299
82.3, -34.6149, -1.63127
82.4, -34.6962, -1.62413
82.5, -34.7773, -1.6212
82.6, -34.8583, -1.62212
82.7, -34.9395, -1.6265
82.8, -35.021, -1.63396
82.9, -35.1029, -1.6441
83, -35.1854, -1.65651
83.1, -35.2685, -1.67072
83.2, -35.3525, -1.68627
83.3, -35.4372, -1.70262
83.4, -35.5227, -1.71921
83.5, -35.6091, -1.73541
83.6, -35.6963, -1.75056
83.7, -35.7842, -1.76393
83.8, -35.8727, -1.77478
83.9, -35.9616, -1.78232
84, -36.0509, -1.78575
84.1, -36.1402, -1.78428
84.2, -36.2293, -1.77715
84.3, -36.3179, -1.76366
84.4, -36.4057, -1.74318
84.5, -36.4922, -1.71521
84.6, -36.5772, -1.6794
84.7, -36.6602, -1.63553
84.8, -36.7408, -1.58362
84.9, -36.8185, -1.52384
85, -36.8931, -1.45659
85.1, -36.9642, -1.38246
85.2, -37.0314, -1.30223
85.3, -37.0944, -1.21685
85.4, -37.1531, -1.12742
85.5, -37.2072, -1.03514
85.6, -37.2566, -0.941314
85.7, -37.3013, -0.847276
85.8, -37.3413, -0.754392
85.9, -37.3767, -0.66401
86, -37.4077, -0.577436
86.1, -37.4345, -0.495909
86.2, -37.4573, -0.420579
86.3, -37.4765, -0.352487
86.4, -37.4926, -0.292547
86.5, -37.5058, -0.241542
86.6, -37.5167, -0.200105
86.7, -37.5258, -0.168719
86.8, -37.5336, -0.14771
86.9, -37.5406, -0.137248
87, -37.5473, -0.137345
87.1, -37.5543, -0.147857
87.2, -37.5621, -0.168491
87.3, -37.5712, -0.198808
87.4, -37.582, -0.238234
87.5, -37.595, -0.286065
87.6, -37.6106, -0.341477
87.7, -37.6291, -0.403542
87.8, -37.6509, -0.471235
87.9, -37.6762, -0.54345
88, -37.7053, -0.619019
88.1, -37.7382, -0.696723
88.2, -37.7749, -0.775315
88.3, -37.8157, -0.853539
88.4, -37.8603, -0.930152
88.5, -37.9087, -1.00394
88.6, -37.9607, -1.07376
88.7, -38.0161, -1.13854
88.8, -38.0746, -1.1973
88.9, -38.1358, -1.24921
89, -38.1995, -1.29353
89.1, -38.2652, -1.32969
89.2, -38.3324, -1.35729
89.3, -38.4009, -1.37604
89.4, -38.47, -1.3858
89.5, -38.5395, -1.38659
89.6, -38.6087, -1.3785
89.7, -38.6773, -1.36175
89.8, -38.7449, -1.3366
89.9, -38.811, -1.30338
90, -38.8752, -1.26241
90.1, -38.9372, -1.21404
90.2, -38.9966, -1.15859
90.3, -39.0531, -1.09632
90.4, -39.1063, -1.02747
90.5, -39.1558, -0.952192
90.6, -39.2015, -0.870583
90.7, -39.2429, -0.782665
90.8, -39.2797, -0.688393
90.9, -39.3117, -0.587656
91, -39.3385, -0.480285
91.1, -39.3597, -0.366065
91.2, -39.3751, -0.244748
91.3, -39.3842, -0.116066
91.4, -39.3867, 0.0202457
91.5, -39.3822, 0.164427
91.6, -39.3703, 0.316666
91.7, -39.3505, 0.477067
91.8, -39.3226, 0.645615
91.9, -39.286, 0.822129
92, -39.2404, 1.00622
92.1, -39.1853, 1.19724
92.2, -39.1206, 1.39422
92.3, -39.0459, 1.59581
92.4, -38.961, 1.80026
92.5, -38.8659, 2.00534
92.6, -38.7605, 2.20838
92.7, -38.6451, 2.40624
92.8, -38.5199, 2.59542
92.9, -38.3855, 2.77215
93, -38.2427, 2.9326
93.1, -38.0923, 3.07309
93.2, -37.9354, 3.19034
93.3, -37.7732, 3.2818
93.4, -37.6072, 3.34581
93.5, -37.4386, 3.38183
93.6, -37.269, 3.39051
93.7, -37.0996, 3.37364
93.8, -36.9316, 3.33402
93.9, -36.7662, 3.27525
94, -36.6041, 3.20143
94.1, -36.4461, 3.1169
94.2, -36.2924, 3.02598
94.3, -36.1435, 2.93275
94.4, -35.9992, 2.84091
94.5, -35.8594, 2.75367
94.6, -35.7238, 2.67376
94.7, -35.592, 2.60338
94.8, -35.4634, 2.54428
94.9, -35.3376, 2.49782
95, -35.2137, 2.46499
95.1, -35.0911, 2.44651
95.2, -34.969, 2.44287
95.3, -34.8468, 2.45434
95.4, -34.7236, 2.48108
95.5, -34.5987, 2.52303
95.6, -34.4713, 2.58
95.7, -34.3407, 2.65159
95.8, -34.2061, 2.73714
95.9, -34.067, 2.83568
96, -33.9225, 2.94581
96.1, -33.7724, 3.06562
96.2, -33.616, 3.19255
96.3, -33.4531, 3.32333
96.4, -33.2837, 3.45387
96.5, -33.1077, 3.57928
96.6, -32.9257, 3.69392
96.7, -32.7383, 3.79158
96.8, -32.5466, 3.86578
96.9, -32.3518, 3.91018
97, -32.1555, 3.91909
97.1, -31.9598, 3.88795
97.2, -31.7668, 3.81374
97.3, -31.5785, 3.69532
97.4, -31.3972, 3.53345
97.5, -31.2251, 3.33064
97.6, -31.0642, 3.09086
97.7, -30.916, 2.81907
97.8, -30.7823, 2.52072
97.9, -30.664, 2.20134
98, -30.5621, 1.86619
98.1, -30.4774, 1.52002
98.2, -30.4101, 1.16701
98.3, -30.3607, 0.810715
98.4, -30.329, 0.454163
98.5, -30.3152, 0.0999708
98.6, -30.319, -0.249507
98.7, -30.3402, -0.592028
98.8, -30.3782, -0.925316
98.9, -30.4327, -1.24693
99, -30.5029, -1.55417
99.1, -30.5881, -1.84405
99.2, -30.6873, -2.11327
99.3, -30.7995, -2.35832
99.4, -30.9232, -2.57563
99.5, -31.057, -2.76173
99.6, -31.1994, -2.91357
99.7, -31.3484, -3.02874
99.8, -31.5022, -3.10572
99.9, -31.659, -3.14408
100, -31.8166, -3.14453
100.1, -31.9734, -3.10892
100.2, -32.1275, -3.04006
100.3, -32.2774, -2.94149
100.4, -32.4217, -2.81722
100.5, -32.5591, -2.67138
100.6, -32.6888, -2.50801
100.7, -32.8099, -2.33081
100.8, -32.9219, -2.14298
100.9, -33.0242, -1.94717
101, -33.1166, -1.74543
101.1, -33.1988, -1.53923
101.2, -33.2705, -1.32952
101.3, -33.3317, -1.11679
101.4, -33.3822, -0.901146
101.5, -33.4218, -0.682383
101.6, -33.4505, -0.460073
101.7, -33.4679, -0.233631
101.8, -33.4738, -0.00237729
101.9, -33.4681, 0.234388
102, -33.4504, 0.477325
102.1, -33.4204, 0.726979
102.2, -33.3777, 0.983708
102.3, -33.322, 1.24759
102.4, -33.2529, 1.51831
102.5, -33.1702, 1.79508
102.6, -33.0734, 2.07646
102.7, -32.9625, 2.36029
102.8, -32.8374, 2.64353
102.9, -32.6982, 2.92223
103, -32.5452, 3.19151
103.1, -32.379, 3.44568
103.2, -32.2006, 3.67847
103.3, -32.0112, 3.88349
103.4, -31.8122, 4.05469
103.5, -31.6057, 4.18706
103.6, -31.3935, 4.27718
103.7, -31.178, 4.32373
103.8, -30.9612, 4.32775
103.9, -30.7452, 4.29256
104, -30.5319, 4.22346
104.1, -30.3228, 4.12718
104.2, -30.1192, 4.01124
104.3, -29.9217, 3.88331
104.4, -29.7309, 3.7507
104.5, -29.5467, 3.61991
104.6, -29.3689, 3.49649
104.7, -29.197, 3.38492
104.8, -29.0304, 3.28863
104.9, -28.8681, 3.2101
105, -28.7094, 3.151
105.1, -28.553, 3.11229
105.2, -28.3981, 3.09431
105.3, -28.2436, 3.0969
105.4, -28.0884, 3.1194
105.5, -27.9317, 3.16069
105.6, -27.7724, 3.2191
105.7, -27.6098, 3.29244
105.8, -27.4431, 3.37785
105.9, -27.272, 3.47176
106, -27.096, 3.56985
106.1, -26.915, 3.66702
106.2, -26.7293, 3.75742
106.3, -26.5392, 3.8347
106.4, -26.3458, 3.89221
106.5, -26.15, 3.92339
106.6, -25.9534, 3.92228
106.7, -25.7578, 3.88399
106.8, -25.5651, 3.80508
106.9, -25.3773, 3.68393
107, -25.1967, 3.52079
107.1, -25.0252, 3.31773
107.2, -24.8649, 3.07829
107.3, -24.7174, 2.80709
107.4, -24.5842, 2.50938
107.5, -24.4664, 2.19061
107.6, -24.3651, 1.85603
107.7, -24.2808, 1.51052
107.8, -24.2141, 1.1584
107.9, -24.165, 0.803456
108, -24.1337, 0.448957
108.1, -24.1201, 0.0977717
108.2, -24.1239, -0.247497
108.3, -24.1449, -0.584377
108.4, -24.1824, -0.910392
108.5, -24.2359, -1.22295
108.6, -24.3047, -1.51929
108.7, -24.3878, -1.79639
108.8, -24.4843, -2.05108
108.9, -24.5929, -2.28006
109, -24.7123, -2.48005
109.1, -24.8409, -2.64804
109.2, -24.9771, -2.78144
109.3, -25.1191, -2.87836
109.4, -25.265, -2.93778
109.5, -25.4129, -2.95966
109.6, -25.5609, -2.94499
109.7, -25.7074, -2.89573
109.8, -25.8505, -2.81464
109.9, -25.9888, -2.70504
110, -26.121, -2.57061
110.1, -26.2459, -2.41506
110.2, -26.3625, -2.24197
110.3, -26.4701, -2.0546
110.4, -26.568, -1.85573
110.5, -26.6557, -1.64767
110.6, -26.7327, -1.43219
110.7, -26.7989, -1.21057
110.8, -26.8538, -0.983665
110.9, -26.8972, -0.751922
111, -26.929, -0.515512
111.1, -26.9488, -0.27438
111.2, -26.9564, -0.0283382
111.3, -26.9516, 0.222853
111.4, -26.9341, 0.4794
111.5, -26.9037, 0.741384
111.6, -26.86, 1.00867
111.7, -26.8028, 1.28079
111.8, -26.7319, 1.55686
111.9, -26.6471, 1.83546
112, -26.5484, 2.11452
112.1, -26.4357, 2.39123
112.2, -26.3093, 2.66202
112.3, -26.1695, 2.92257
112.4, -26.017, 3.16789
112.5, -25.8527, 3.39257
112.6, -25.6777, 3.5911
112.7, -25.4936, 3.75834
112.8, -25.3019, 3.88998
112.9, -25.1046, 3.98305
113, -24.9036, 4.03631
113.1, -24.701, 4.05047
113.2, -24.4986, 4.02817
113.3, -24.2981, 3.97376
113.4, -24.1012, 3.89287
113.5, -23.9088, 3.79191
113.6, -23.722, 3.67754
113.7, -23.5411, 3.55625
113.8, -23.3664, 3.43394
113.9, -23.1977, 3.31576
114, -23.0348, 3.20598
114.1, -22.8771, 3.108
114.2, -22.724, 3.02438
114.3, -22.5747, 2.95697
114.4, -22.4283, 2.90697
114.5, -22.284, 2.87507
114.6, -22.1408, 2.86152
114.7, -21.9978, 2.86618
114.8, -21.8542, 2.88855
114.9, -21.709, 2.92779
115, -21.5614, 2.98269
115.1, -21.4107, 3.05158
115.2, -21.2562, 3.13233
115.3, -21.0975, 3.22222
115.4, -20.934, 3.31791
115.5, -20.7657, 3.41536
115.6, -20.5925, 3.50986
115.7, -20.4147, 3.59606
115.8, -20.2329, 3.66817
115.9, -20.0479, 3.72021
116, -19.8608, 3.74631
116.1, -19.6732, 3.74117
116.2, -19.4867, 3.70044
116.3, -19.3032, 3.62114
116.4, -19.1246, 3.50186
116.5, -18.953, 3.34287
116.6, -18.7903, 3.14607
116.7, -18.6384, 2.91467
116.8, -18.4989, 2.65292
116.9, -18.3731, 2.36565
117, -18.2623, 2.05793
117.1, -18.1673, 1.73475
117.2, -18.0888, 1.40078
117.3, -18.0272, 1.06027
117.4, -17.9828, 0.717043
117.5, -17.9555, 0.374463
117.6, -17.9453, 0.0355736
117.7, -17.952, -0.296818
117.8, -17.975, -0.620022
117.9, -18.014, -0.931358
118, -18.0682, -1.22808
118.1, -18.1368, -1.5073
118.2, -18.2189, -1.76604
118.3, -18.3134, -2.00121
118.4, -18.419, -2.20975
118.5, -18.5344, -2.38876
118.6, -18.6579, -2.53569
118.7, -18.7879, -2.6485
118.8, -18.9227, -2.72586
118.9, -19.0605, -2.76729
119, -19.1995, -2.77319
119.1, -19.3378, -2.74485
119.2, -19.4739, -2.68435
119.3, -19.6063, -2.59441
119.4, -19.7334, -2.47813
119.5, -19.8541, -2.33885
119.6, -19.9673, -2.17987
119.7, -20.0721, -2.00433
119.8, -20.1677, -1.81501
119.9, -20.2536, -1.61432
120, -20.3291, -1.40419
120.1, -20.394, -1.18615
120.2, -20.4478, -0.961292
120.3, -20.4901, -0.730349
120.4, -20.5208, -0.493772
120.5, -20.5395, -0.251798
120.6, -20.546, -0.00452856
120.7, -20.5399, 0.247981
120.8, -20.5212, 0.505633
120.9, -20.4894, 0.768193
121, -20.4444, 1.0352
121.1, -20.3859, 1.30584
121.2, -20.3138, 1.5789
121.3, -20.228, 1.85258
121.4, -20.1285, 2.12451
121.5, -20.0155, 2.39162
121.6, -19.8893, 2.65017
121.7, -19.7505, 2.8958
121.8, -19.5998, 3.12372
121.9, -19.4381, 3.3289
122, -19.2669, 3.50648
122.1, -19.0875, 3.65216
122.2, -18.9017, 3.76265
122.3, -18.7112, 3.83603
122.4, -18.5181, 3.87206
122.5, -18.324, 3.87223
122.6, -18.1308, 3.83969
122.7, -17.94, 3.77895
122.8, -17.7529, 3.69546
122.9, -17.5705, 3.5952
123, -17.3934, 3.48422
123.1, -17.2221, 3.36826
123.2, -17.0566, 3.25248
123.3, -16.8968, 3.14135
123.4, -16.7425, 3.03854
123.5, -16.593, 2.94693
123.6, -16.4478, 2.86872
123.7, -16.3061, 2.80546
123.8, -16.1672, 2.75819
123.9, -16.0303, 2.72751
124, -15.8945, 2.71364
124.1, -15.7589, 2.71649
124.2, -15.6228, 2.73571
124.3, -15.4854, 2.77063
124.4, -15.3458, 2.82031
124.5, -15.2033, 2.88347
124.6, -15.0574, 2.95842
124.7, -14.9075, 3.04301
124.8, -14.7531, 3.13456
124.9, -14.594, 3.22976
125, -14.4301, 3.32472
125.1, -14.2616, 3.4149
125.2, -14.0886, 3.49522
125.3, -13.912, 3.56026
125.4, -13.7326, 3.60447
125.5, -13.5516, 3.62248
125.6, -13.3704, 3.60954
125.7, -13.1906, 3.56184
125.8, -13.0142, 3.47684
125.9, -12.8429, 3.35351
126, -12.6788, 3.19235
126.1, -12.5237, 2.99529
126.2, -12.3793, 2.76553
126.3, -12.2472, 2.50712
126.4, -12.1286, 2.22467
126.5, -12.0247, 1.92303
126.6, -11.9363, 1.60693
126.7, -11.864, 1.2809
126.8, -11.8082, 0.949062
126.9, -11.7691, 0.615182
127, -11.7467, 0.282646
127.1, -11.7408, -0.0454453
127.2, -11.7512, -0.366189
127.3, -11.7774, -0.676784
127.4, -11.8189, -0.974449
127.5, -11.8749, -1.25636
127.6, -11.9445, -1.51961
127.7, -12.0269, -1.76127
127.8, -12.1207, -1.97839
127.9, -12.2247, -2.16814
128, -12.3375, -2.32795
128.1, -12.4575, -2.45567
128.2, -12.583, -2.54973
128.3, -12.7125, -2.60924
128.4, -12.844, -2.63414
128.5, -12.9759, -2.62518
128.6, -13.1065, -2.58386
128.7, -13.2343, -2.51237
128.8, -13.3577, -2.41337
128.9, -13.4756, -2.28981
129, -13.5867, -2.14478
129.1, -13.6901, -1.98125
129.2, -13.7848, -1.80203
129.3, -13.8703, -1.60958
129.4, -13.9458, -1.406
129.5, -14.0109, -1.19298
129.6, -14.0651, -0.971857
129.7, -14.1081, -0.743605
129.8, -14.1395, -0.508921
129.9, -14.159, -0.268286
130, -14.1663, -0.0220413
130.1, -14.1612, 0.229523
130.2, -14.1433, 0.486083
130.3, -14.1125, 0.747186
130.4, -14.0686, 1.01215
130.5, -14.0113, 1.27999
130.6, -13.9406, 1.54928
130.7, -13.8564, 1.81809
130.8, -13.7588, 2.08393
130.9, -13.648, 2.34369
131, -13.5244, 2.59367
131.1, -13.3886, 2.82964
131.2, -13.2415, 3.04705
131.3, -13.0839, 3.24125
131.4, -12.9173, 3.40784
131.5, -12.7432, 3.54304
131.6, -12.563, 3.6441
131.7, -12.3787, 3.70958
131.8, -12.1921, 3.7396
131.9, -12.0048, 3.73587
132, -11.8185, 3.70154
132.1, -11.6346, 3.64096
132.2, -11.4544, 3.55929
132.3, -11.2787, 3.46208
132.4, -11.1082, 3.35493
132.5, -10.9432, 3.2431
132.6, -10.7839, 3.13134
132.7, -10.6301, 3.02374
132.8, -10.4815, 2.92365
132.9, -10.3377, 2.83374
133, -10.1981, 2.75604
133.1, -10.0621, 2.69198
133.2, -9.92893, 2.64256
133.3, -9.79785, 2.60835
133.4, -9.6681, 2.5896
133.5, -9.53889, 2.58631
133.6, -9.40947, 2.59822
133.7, -9.27907, 2.62486
133.8, -9.14698, 2.66551
133.9, -9.01252, 2.71921
134, -8.87506, 2.78468
134.1, -8.73405, 2.86029
134.2, -8.58903, 2.94395
134.3, -8.43966, 3.03312
134.4, -8.28572, 3.12468
134.5, -8.12719, 3.21495
134.6, -7.96422, 3.29972
134.7, -7.79722, 3.37429
134.8, -7.62679, 3.43365
134.9, -7.45385, 3.47271
135, -7.27952, 3.48656
135.1, -7.10519, 3.47087
135.2, -6.93244, 3.42216
135.3, -6.76298, 3.3381
135.4, -6.59863, 3.21772
135.5, -6.44121, 3.06146
135.6, -6.29248, 2.87106
135.7, -6.1541, 2.64942
135.8, -6.02754, 2.40029
135.9, -5.91407, 2.12797
136, -5.81474, 1.83702
136.1, -5.73037, 1.53199
136.2, -5.66154, 1.21725
136.3, -5.60864, 0.896886
136.4, -5.57185, 0.574664
136.5, -5.55118, 0.254033
136.6, -5.54645, -0.0618164
136.7, -5.55736, -0.369879
136.8, -5.58344, -0.667264
136.9, -5.62409, -0.951125
137, -5.67855, -1.21862
137.1, -5.74595, -1.46691
137.2, -5.82524, -1.69315
137.3, -5.91526, -1.89461
137.4, -6.0147, -2.06873
137.5, -6.12214, -2.21324
137.6, -6.23603, -2.32635
137.7, -6.35477, -2.40681
137.8, -6.47671, -2.45407
137.9, -6.60018, -2.46827
138, -6.72354, -2.4503
138.1, -6.84521, -2.40169
138.2, -6.9637, -2.32454
138.3, -7.07766, -2.22132
138.4, -7.18584, -2.09474
138.5, -7.28714, -1.94758
138.6, -7.3806, -1.78253
138.7, -7.46539, -1.60207
138.8, -7.5408, -1.40843
138.9, -7.60623, -1.20351
139, -7.66115, -0.988861
139.1, -7.70512, -0.765747
139.2, -7.73773, -0.535155
139.3, -7.75863, -0.297858
139.4, -7.76751, -0.0544928
139.5, -7.76408, 0.19437
139.6, -7.74808, 0.448133
139.7, -7.71927, 0.706091
139.8, -7.67747, 0.967328
139.9, -7.62254, 1.23064
140, -7.5544, 1.49442
140.1, -7.47309, 1.75663
140.2, -7.37874, 2.0147
140.3, -7.27162, 2.26554
140.4, -7.15219, 2.50554
140.5, -7.02107, 2.73073
140.6, -6.87911, 2.93686
140.7, -6.72738, 3.11973
140.8, -6.56714, 3.27545
140.9, -6.39984, 3.40078
141, -6.22706, 3.49347
141.1, -6.05049, 3.55251
141.2, -5.87181, 3.57826
141.3, -5.69266, 3.57252
141.4, -5.51456, 3.53832
141.5, -5.33883, 3.47973
141.6, -5.16659, 3.40147
141.7, -4.99869, 3.30861
141.8, -4.83573, 3.20622
141.9, -4.67806, 3.09905
142, -4.52582, 2.99141
142.1, -4.37892, 2.88699
142.2, -4.23712, 2.78885
142.3, -4.10004, 2.69943
142.4, -3.96718, 2.62058
142.5, -3.83798, 2.55364
142.6, -3.71182, 2.49954
142.7, -3.58803, 2.45883
142.8, -3.46593, 2.4318
142.9, -3.34485, 2.4185
143, -3.22408, 2.41877
143.1, -3.10297, 2.43232
143.2, -2.98085, 2.45865
143.3, -2.8571, 2.49712
143.4, -2.73114, 2.54688
143.5, -2.60242, 2.60684
143.6, -2.47045, 2.67562
143.7, -2.33485, 2.75151
143.8, -2.1953, 2.83238
143.9, -2.05162, 2.91569
144, -1.90374, 2.99839
144.1, -1.75178, 3.07698
144.2, -1.59604, 3.14755
144.3, -1.43702, 3.20584
144.4, -1.27545, 3.24746
144.5, -1.11228, 3.26805
144.6, -0.948648, 3.2636
144.7, -0.785916, 3.23067
144.8, -0.625581, 3.16669
144.9, -0.469247, 3.07014
145, -0.318567, 2.94065
145.1, -0.175182, 2.77909
145.2, -0.0406585, 2.58737
145.3, 0.0835552, 2.36834
145.4, 0.196176, 2.12555
145.5, 0.29611, 1.86295
145.6, 0.382471, 1.58474
145.7, 0.454583, 1.29509
145.8, 0.51198, 0.998067
145.9, 0.55439, 0.697525
146, 0.581732, 0.397071
146.1, 0.594097, 0.10008
146.2, 0.59174, -0.190276
146.3, 0.57507, -0.47098
146.4, 0.544642, -0.739134
146.5, 0.501156, -0.991924
146.6, 0.44545, -1.22661
146.7, 0.378495, -1.44056
146.8, 0.301394, -1.63126
146.9, 0.215369, -1.79642
147, 0.121752, -1.93405
147.1, 0.0219638, -2.04256
147.2, -0.0825039, -2.12082
147.3, -0.190119, -2.16831
147.4, -0.299334, -2.18505
147.5, -0.408623, -2.17169
147.6, -0.516503, -2.12942
147.7, -0.621565, -2.05989
147.8, -0.722493, -1.96512
147.9, -0.818077, -1.84733
148, -0.907226, -1.70887
148.1, -0.988964, -1.55206
148.2, -1.06243, -1.37912
148.3, -1.12688, -1.19207
148.4, -1.18164, -0.992748
148.5, -1.22615, -0.782743
148.6, -1.25991, -0.563439
148.7, -1.28249, -0.336043
148.8, -1.29352, -0.101633
148.9, -1.29266, 0.138773
149, -1.27964, 0.38415
149.1, -1.25424, 0.633386
149.2, -1.2163, 0.885198
149.3, -1.16572, 1.13806
149.4, -1.1025, 1.39014
149.5, -1.02671, 1.63923
149.6, -0.938572, 1.88272
149.7, -0.838436, 2.11761
149.8, -0.726811, 2.34056
149.9, -0.60438, 2.54799
150, -0.472011, 2.73624
150.1, -0.330756, 2.90179
150.2, -0.181832, 3.04151
150.3, -0.0266049, 3.15292
150.4, 0.133459, 3.23442
150.5, 0.296837, 3.28549
150.6, 0.462008, 3.30674
150.7, 0.627511, 3.29991
150.8, 0.791999, 3.26774
150.9, 0.954284, 3.21374
151, 1.11337, 3.14194
151.1, 1.26848, 3.05661
151.2, 1.41903, 2.96199
151.3, 1.56468, 2.86208
151.4, 1.70524, 2.76049
151.5, 1.84073, 2.66035
151.6, 1.97128, 2.56424
151.7, 2.09715, 2.47426
151.8, 2.2187, 2.39199
151.9, 2.33635, 2.3186
152, 2.45056, 2.25487
152.1, 2.56184, 2.2013
152.2, 2.67069, 2.15815
152.3, 2.77765, 2.12548
152.4, 2.88324, 2.10321
152.5, 2.98797, 2.09115
152.6, 3.09236, 2.08903
152.7, 3.19688, 2.09647
152.8, 3.302, 2.11306
152.9, 3.40818, 2.13829
153, 3.51583, 2.17155
153.1, 3.62534, 2.21212
153.2, 3.73704, 2.25914
153.3, 3.85125, 2.31159
153.4, 3.9682, 2.36821
153.5, 4.08807, 2.42753
153.6, 4.21096, 2.48781
153.7, 4.33685, 2.54704
153.8, 4.46566, 2.6029
153.9, 4.59714, 2.65286
154, 4.73094, 2.69415
154.1, 4.86656, 2.7239
154.2, 5.00334, 2.73923
154.3, 5.14048, 2.73736
154.4, 5.27707, 2.71582
154.5, 5.41206, 2.67254
154.6, 5.54433, 2.60602
154.7, 5.67267, 2.51547
154.8, 5.79587, 2.4008
154.9, 5.91275, 2.26271
155, 6.02214, 2.1026
155.1, 6.12301, 1.9225
155.2, 6.21439, 1.72495
155.3, 6.2955, 1.51289
155.4, 6.36568, 1.2895
155.5, 6.42445, 1.05807
155.6, 6.47149, 0.821939
155.7, 6.50664, 0.584376
155.8, 6.52993, 0.348549
155.9, 6.5415, 0.117487
156, 6.54168, -0.105939
156.1, 6.53091, -0.319028
156.2, 6.50977, -0.519248
156.3, 6.47898, -0.704257
156.4, 6.43935, -0.871909
156.5, 6.39179, -1.02028
156.6, 6.33732, -1.14771
156.7, 6.27702, -1.2528
156.8, 6.21204, -1.33448
156.9, 6.14357, -1.39203
157, 6.07284, -1.42508
157.1, 6.00106, -1.43364
157.2, 5.92947, -1.41806
157.3, 5.85926, -1.37904
157.4, 5.79157, -1.31755
157.5, 5.7275, -1.23483
157.6, 5.66808, -1.13229
157.7, 5.61427, -1.01148
157.8, 5.56694, -0.874024
157.9, 5.52687, -0.721601
158, 5.49478, -0.555899
158.1, 5.47128, -0.378607
158.2, 5.45692, -0.191409
158.3, 5.45214, 0.00400367
158.4, 5.45732, 0.205913
158.5, 5.47273, 0.412549
158.6, 5.49857, 0.622057
158.7, 5.53494, 0.832471
158.8, 5.58182, 1.04169
158.9, 5.63911, 1.24747
159, 5.70657, 1.44742
159.1, 5.78385, 1.63904
159.2, 5.87047, 1.81974
159.3, 5.96582, 1.98696
159.4, 6.06917, 2.13824
159.5, 6.17964, 2.27133
159.6, 6.2963, 2.38435
159.7, 6.41808, 2.47585
159.8, 6.54388, 2.54496
159.9, 6.67258, 2.59144
160, 6.80303, 2.61568
160.1, 6.93414, 2.61871
160.2, 7.0649, 2.6021
160.3, 7.19435, 2.56787
160.4, 7.32168, 2.51834
160.5, 7.44619, 2.45601
160.6, 7.56729, 2.3834
160.7, 7.68453, 2.30293
160.8, 7.79758, 2.21686
160.9, 7.90621, 2.12718
161, 8.0103, 2.03559
161.1, 8.10977, 1.94345
161.2, 8.20464, 1.85185
161.3, 8.29496, 1.76156
161.4, 8.3808, 1.67307
161.5, 8.46227, 1.58666
161.6, 8.53947, 1.50238
161.7, 8.6125, 1.42013
161.8, 8.68148, 1.33966
161.9, 8.74647, 1.2606
162, 8.80754, 1.1825
162.1, 8.86472, 1.10487
162.2, 8.91802, 1.02713
162.3, 8.96743, 0.948701
162.4, 9.01289, 0.868961
162.5, 9.05433, 0.787284
162.6, 9.09162, 0.703038
162.7, 9.12463, 0.615585
162.8, 9.15318, 0.524291
162.9, 9.17706, 0.428523
163, 9.19603, 0.32765
163.1, 9.20983, 0.221041
163.2, 9.21814, 0.108064
163.3, 9.22063, -0.0119169
163.4, 9.21695, -0.139546
163.5, 9.20668, -0.275478
163.6, 9.1894, -0.42038
163.7, 9.16464, -0.574934
163.8, 9.13191, -0.739831
163.9, 9.09066, -0.915764
164, 9.04033, -1.10341
164.1, 8.98032, -1.30341
164.2, 8.90999, -1.5163
164.3, 8.82869, -1.74248
164.4, 8.73574, -1.98209
164.5, 8.63048, -2.23493
164.6, 8.51225, -2.50023
164.7, 8.38045, -2.77653
164.8, 8.23459, -3.06141
164.9, 8.07431, -3.3513
165, 7.89946, -3.64126
165.1, 7.71019, -3.92491
165.2, 7.50697, -4.19445
165.3, 7.29074, -4.44102
165.4, 7.06287, -4.65519
165.5, 6.82522, -4.82789
165.6, 6.58008, -4.95141
165.7, 6.33008, -5.02048
165.8, 6.07804, -5.03303
165.9, 5.82678, -4.99065
166, 5.57897, -4.89838
166.1, 5.33694, -4.76407
166.2, 5.10256, -4.59736
166.3, 4.87721, -4.40862
166.4, 4.6617, -4.20788
166.5, 4.45642, -4.00415
166.6, 4.26129, -3.80497
166.7, 4.07592, -3.61622
166.8, 3.89967, -3.44217
166.9, 3.7317, -3.28567
167, 3.5711, -3.14837
167.1, 3.41687, -3.03094
167.2, 3.268, -2.93334
167.3, 3.12353, -2.85496
167.4, 2.98251, -2.79477
167.5, 2.84406, -2.75142
167.6, 2.70737, -2.72333
167.7, 2.57172, -2.70867
167.8, 2.4365, -2.70542
167.9, 2.30118, -2.71138
168, 2.16536, -2.72412
168.1, 2.02877, -2.74102
168.2, 1.89126, -2.75927
168.3, 1.75284, -2.77588
168.4, 1.61367, -2.78776
168.5, 1.47407, -2.79178
168.6, 1.33449, -2.78485
168.7, 1.19558, -2.76407
168.8, 1.05809, -2.72687
168.9, 0.922893, -2.67112
169, 0.790975, -2.59525
169.1, 0.663369, -2.49837
169.2, 0.541138, -2.38032
169.3, 0.425336, -2.24166
169.4, 0.316972, -2.08361
169.5, 0.216975, -1.90805
169.6, 0.126167, -1.71731
169.7, 0.0452437, -1.51412
169.8, -0.0252452, -1.30146
169.9, -0.0849023, -1.08242
170, -0.133487, -0.86013
170.1, -0.170915, -0.637675
170.2, -0.197255, -0.418032
170.3, -0.212719, -0.204035
170.4, -0.217658, 0.00164839
170.5, -0.212554, 0.196532
170.6, -0.198005, 0.37832
170.7, -0.174722, 0.544919
170.8, -0.143513, 0.694447
170.9, -0.105277, 0.825254
171, -0.0609877, 0.935939
171.1, -0.0116831, 1.02537
171.2, 0.0415492, 1.0927
171.3, 0.0975873, 1.13741
171.4, 0.15529, 1.15927
171.5, 0.213514, 1.15839
171.6, 0.271129, 1.13516
171.7, 0.327031, 1.09029
171.8, 0.380158, 1.02473
171.9, 0.429503, 0.939646
172, 0.474123, 0.836407
172.1, 0.513144, 0.716516
172.2, 0.545774, 0.581592
172.3, 0.571303, 0.433339
172.4, 0.589108, 0.273528
172.5, 0.598656, 0.103982
172.6, 0.599506, -0.0734256
172.7, 0.591313, -0.256767
172.8, 0.57383, -0.444055
172.9, 0.546908, -0.633231
173, 0.510506, -0.822164
173.1, 0.464692, -1.00865
173.2, 0.409642, -1.19042
173.3, 0.34565, -1.36516
173.4, 0.273126, -1.53058
173.5, 0.192592, -1.68441
173.6, 0.104685, -1.82454
173.7, 0.0101385, -1.94904
173.8, -0.0902195, -2.05628
173.9, -0.19549, -2.145
174, -0.304719, -2.21435
174.1, -0.416925, -2.26399
174.2, -0.531118, -2.29403
174.3, -0.646328, -2.3051
174.4, -0.761628, -2.29822
174.5, -0.87615, -2.27478
174.6, -0.989106, -2.23645
174.7, -1.09979, -2.18502
174.8, -1.20761, -2.1224
174.9, -1.31203, -2.05041
175, -1.41265, -1.97081
175.1, -1.50912, -1.88517
175.2, -1.60117, -1.79483
175.3, -1.6886, -1.70091
175.4, -1.77126, -1.60429
175.5, -1.84903, -1.5056
175.6, -1.92182, -1.40521
175.7, -1.98955, -1.30332
175.8, -2.05215, -1.19991
175.9, -2.10954, -1.0948
176, -2.16163, -0.987666
176.1, -2.20831, -0.878062
176.2, -2.24944, -0.765443
176.3, -2.28485, -0.649179
176.4, -2.31435, -0.528576
176.5, -2.33771, -0.402889
176.6, -2.35464, -0.271335
176.7, -2.36484, -0.133106
176.8, -2.36795, 0.0126175
176.9, -2.36358, 0.166656
177, -2.35129, 0.329812
177.1, -2.3306, 0.50285
177.2, -2.301, 0.686475
177.3, -2.26195, 0.881291
177.4, -2.21287, 1.08776
177.5, -2.15318, 1.30615
177.6, -2.08226, 1.53643
177.7, -1.99953, 1.77821
177.8, -1.90444, 2.03058
177.9, -1.79647, 2.29204
178, -1.67523, 2.56028
178.1, -1.54045, 2.83211
178.2, -1.39202, 3.10333
178.3, -1.23011, 3.36872
178.4, -1.05515, 3.62211
178.5, -0.867902, 3.85664
178.6, -0.669487, 4.06514
178.7, -0.461388, 4.24076
178.8, -0.245412, 4.37765
178.9, -0.0236237, 4.47164
179, 0.201753, 4.52088
179.1, 0.428464, 4.52609
179.2, 0.654361, 4.49061
179.3, 0.877525, 4.42007
179.4, 1.09637, 4.32171
179.5, 1.3097, 4.20376
179.6, 1.51674, 4.07461
179.7, 1.71716, 3.94227
179.8, 1.91097, 3.81389
179.9, 2.09855, 3.69552
180, 2.28052, 3.59205
180.1, 2.45775, 3.50719
180.2, 2.63124, 3.44359
180.3, 2.80211, 3.40297
180.4, 2.97154, 3.38624
180.5, 3.14073, 3.39354
180.6, 3.31089, 3.42437
180.7, 3.48317, 3.47752
180.8, 3.65865, 3.55105
180.9, 3.83828, 3.64224
181, 4.02287, 3.74744
181.1, 4.21302, 3.862
181.2, 4.40907, 3.98023
181.3, 4.61104, 4.09538
181.4, 4.81861, 4.19984
181.5, 5.03103, 4.28542
181.6, 5.24715, 4.34382
181.7, 5.46541, 4.36728
181.8, 5.68388, 4.34925
181.9, 5.90034, 4.28502
182, 6.11238, 4.1722
182.1, 6.31755, 4.01088
182.2, 6.51347, 3.80354
182.3, 6.69791, 3.55462
182.4, 6.86893, 3.26989
182.5, 7.0249, 2.95583
182.6, 7.16451, 2.61898
182.7, 7.2868, 2.26546
182.8, 7.39106, 1.90068
182.9, 7.47686, 1.52916
183, 7.54397, 1.15456
183.1, 7.59232, 0.779713
183.2, 7.62195, 0.406855
183.3, 7.633, 0.0377545
183.4, 7.62572, -0.326067
183.5, 7.6004, -0.68314
183.6, 7.55741, -1.03187
183.7, 7.49721, -1.37037
183.8, 7.42037, -1.69634
183.9, 7.32758, -2.00698
184, 7.21967, -2.29895
184.1, 7.09768, -2.56846
184.2, 6.96283, -2.81135
184.3, 6.81655, -3.02336
184.4, 6.66049, -3.20046
184.5, 6.4965, -3.33914
184.6, 6.32658, -3.43685
184.7, 6.15282, -3.49226
184.8, 5.97735, -3.50548
184.9, 5.80227, -3.47811
185, 5.62954, -3.41306
185.1, 5.46096, -3.31436
185.2, 5.2981, -3.18674
185.3, 5.14229, -3.03525
185.4, 4.99458, -2.86492
185.5, 4.8558, -2.68038
185.6, 4.72654, -2.48572
185.7, 4.60722, -2.28431
185.8, 4.49811, -2.07879
185.9, 4.39934, -1.87105
186, 4.311, -1.66234
186.1, 4.23311, -1.45333
186.2, 4.16567, -1.24417
186.3, 4.10869, -1.03468
186.4, 4.0622, -0.824346
186.5, 4.02626, -0.612429
186.6, 4.00096, -0.398048
186.7, 3.98645, -0.180223
186.8, 3.98294, 0.0420752
186.9, 3.99066, 0.269873
187, 4.00992, 0.504148
187.1, 4.04108, 0.745779
187.2, 4.0845, 0.995485
187.3, 4.14062, 1.25375
187.4, 4.20988, 1.52074
187.5, 4.2927, 1.79618
187.6, 4.3895, 2.07921
187.7, 4.50062, 2.36828
187.8, 4.62632, 2.66094
187.9, 4.76671, 2.95374
188, 4.9217, 3.24209
188.1, 5.09092, 3.52032
188.2, 5.27373, 3.78177
188.3, 5.4691, 4.01912
188.4, 5.67564, 4.22491
188.5, 5.89159, 4.39227
188.6, 6.11487, 4.51562
188.7, 6.34315, 4.59149
188.8, 6.57402, 4.61901
188.9, 6.80505, 4.60014
189, 7.03403, 4.53953
189.1, 7.25901, 4.44394
189.2, 7.47843, 4.32157
189.3, 7.69116, 4.1812
189.4, 7.89655, 4.03145
189.5, 8.09431, 3.88021
189.6, 8.28457, 3.73429
189.7, 8.46774, 3.5992
189.8, 8.64449, 3.47919
189.9, 8.81566, 3.37733
190, 8.98222, 3.29563
190.1, 9.14522, 3.23522
190.2, 9.30574, 3.19648
190.3, 9.46487, 3.17917
190.4, 9.62366, 3.18248
190.5, 9.78312, 3.20507
190.6, 9.94417, 3.2451
190.7, 10.1076, 3.30014
190.8, 10.2742, 3.36718
190.9, 10.4443, 3.44255
191, 10.6184, 3.52188
191.1, 10.7965, 3.60014
191.2, 10.9784, 3.67172
191.3, 11.1637, 3.73056
191.4, 11.3515, 3.77046
191.5, 11.5408, 3.78539
191.6, 11.73, 3.76992
191.7, 11.9177, 3.71964
191.8, 12.102, 3.63154
191.9, 12.2809, 3.50421
192, 12.4524, 3.33796
192.1, 12.6147, 3.13468
192.2, 12.7659, 2.89765
192.3, 12.9045, 2.63111
192.4, 13.029, 2.3399
192.5, 13.1384, 2.0291
192.6, 13.2319, 1.70369
192.7, 13.3088, 1.36833
192.8, 13.3688, 1.02729
192.9, 13.4115, 0.684386
193, 13.4372, 0.343003
193.1, 13.4458, 0.00620782
193.2, 13.4378, -0.323162
193.3, 13.4135, -0.642388
193.4, 13.3736, -0.948768
193.5, 13.3187, -1.23954
193.6, 13.2496, -1.51186
193.7, 13.1675, -1.76275
193.8, 13.0733, -1.98924
193.9, 12.9685, -2.18839
194, 12.8545, -2.35745
194.1, 12.7328, -2.49408
194.2, 12.6051, -2.59646
194.3, 12.4732, -2.66348
194.4, 12.3387, -2.69486
194.5, 12.2037, -2.69115
194.6, 12.0696, -2.65378
194.7, 11.9383, -2.58486
194.8, 11.8111, -2.48707
194.9, 11.6896, -2.36347
195, 11.5748, -2.21727
195.1, 11.4679, -2.05163
195.2, 11.3696, -1.86952
195.3, 11.2809, -1.67359
195.4, 11.2023, -1.46611
195.5, 11.1343, -1.24894
195.6, 11.0774, -1.02352
195.7, 11.0319, -0.790953
195.8, 10.9983, -0.551999
195.9, 10.9767, -0.3072
196, 10.9676, -0.0569369
196.1, 10.971, 0.198481
196.2, 10.9874, 0.458724
196.3, 11.0169, 0.723343
196.4, 11.0598, 0.991674
196.5, 11.1161, 1.26274
196.6, 11.186, 1.53514
196.7, 11.2696, 1.80697
196.8, 11.3667, 2.07576
196.9, 11.4772, 2.33841
197, 11.6006, 2.59122
197.1, 11.7363, 2.82997
197.2, 11.8836, 3.05005
197.3, 12.0413, 3.2468
197.4, 12.2082, 3.41575
197.5, 12.3829, 3.55307
197.6, 12.5635, 3.65593
197.7, 12.7485, 3.72285
197.8, 12.9358, 3.75392
197.9, 13.1239, 3.75079
198, 13.3109, 3.71664
198.1, 13.4955, 3.65584
198.2, 13.6765, 3.57358
198.3, 13.8529, 3.47548
198.4, 14.024, 3.36717
198.5, 14.1896, 3.25398
198.6, 14.3494, 3.14071
198.7, 14.5037, 3.03148
198.8, 14.6526, 2.92967
198.9, 14.7966, 2.83798
199, 14.9364, 2.75842
199.1, 15.0725, 2.69245
199.2, 15.2056, 2.64104
199.3, 15.3366, 2.60476
199.4, 15.4661, 2.58385
199.5, 15.595, 2.57828
199.6, 15.7239, 2.5878
199.7, 15.8537, 2.6119
199.8, 15.9851, 2.64988
199.9, 16.1187, 2.70076
200, 16.2552, 2.76328
200.1, 16.3951, 2.83582
200.2, 16.5388, 2.91635
200.3, 16.6867, 3.00237
200.4, 16.839, 3.09087
200.5, 16.9958, 3.17825
200.6, 17.1568, 3.26043
200.7, 17.3218, 3.33285
200.8, 17.4901, 3.39064
200.9, 17.6609, 3.42885
201, 17.833, 3.44268
201.1, 18.0052, 3.42788
201.2, 18.1758, 3.38098
201.3, 18.3433, 3.29963
201.4, 18.5058, 3.18277
201.5, 18.6615, 3.03068
201.6, 18.8088, 2.84497
201.7, 18.946, 2.62834
201.8, 19.0717, 2.38438
201.9, 19.1845, 2.11725
202, 19.2834, 1.8314
202.1, 19.3676, 1.53132
202.2, 19.4365, 1.22134
202.3, 19.4897, 0.905562
202.4, 19.5271, 0.58776
202.5, 19.5485, 0.271424
202.6, 19.5542, -0.0402131
202.7, 19.5445, -0.34411
202.8, 19.5198, -0.637345
202.9, 19.4808, -0.917062
203, 19.4281, -1.18043
203.1, 19.3627, -1.42462
203.2, 19.2856, -1.64687
203.3, 19.198, -1.8445
203.4, 19.1012, -2.01502
203.5, 18.9965, -2.15628
203.6, 18.8856, -2.26653
203.7, 18.7699, -2.34463
203.8, 18.6511, -2.39003
203.9, 18.5309, -2.40291
204, 18.4108, -2.38414
204.1, 18.2925, -2.33519
204.2, 18.1773, -2.25808
204.3, 18.0667, -2.15519
204.4, 17.9618, -2.02911
204.5, 17.8637, -1.88253
204.6, 17.7735, -1.71804
204.7, 17.6919, -1.53805
204.8, 17.6197, -1.34472
204.9, 17.5575, -1.13991
205, 17.5057, -0.925189
205.1, 17.465, -0.70182
205.2, 17.4355, -0.470836
205.3, 17.4179, -0.233075
205.4, 17.4122, 0.0107373
205.5, 17.4189, 0.259916
205.6, 17.4382, 0.513729
205.7, 17.4703, 0.771312
205.8, 17.5154, 1.03157
205.9, 17.5735, 1.29311
206, 17.6447, 1.55413
206.1, 17.7289, 1.81237
206.2, 17.8259, 2.0651
206.3, 17.9354, 2.30908
206.4, 18.0568, 2.54063
206.5, 18.1895, 2.75578
206.6, 18.3324, 2.95043
206.7, 18.4845, 3.12061
206.8, 18.6445, 3.26281
206.9, 18.8108, 3.37428
207, 18.9819, 3.45331
207.1, 19.1561, 3.49946
207.2, 19.3318, 3.51362
207.3, 19.5075, 3.49798
207.4, 19.6816, 3.45588
207.5, 19.8531, 3.39148
207.6, 20.0208, 3.30948
207.7, 20.184, 3.21478
207.8, 20.3423, 3.11217
207.9, 20.4952, 3.00608
208, 20.6429, 2.90046
208.1, 20.7853, 2.79867
208.2, 20.9227, 2.70345
208.3, 21.0556, 2.61696
208.4, 21.1844, 2.54081
208.5, 21.3097, 2.47617
208.6, 21.432, 2.4238
208.7, 21.5521, 2.38416
208.8, 21.6705, 2.35746
208.9, 21.7878, 2.34369
209, 21.9048, 2.34268
209.1, 22.0221, 2.35413
209.2, 22.1402, 2.37757
209.3, 22.2599, 2.41241
209.4, 22.3815, 2.45788
209.5, 22.5056, 2.513
209.6, 22.6328, 2.57656
209.7, 22.7633, 2.64703
209.8, 22.8975, 2.72257
209.9, 23.0356, 2.80091
210, 23.1776, 2.87938
210.1, 23.3235, 2.95488
210.2, 23.4731, 3.02391
210.3, 23.6259, 3.08263
210.4, 23.7813, 3.12701
210.5, 23.9386, 3.15299
210.6, 24.0966, 3.15671
210.7, 24.2543, 3.13475
210.8, 24.4101, 3.08435
210.9, 24.5627, 3.00366
211, 24.7105, 2.89187
211.1, 24.8519, 2.74923
211.2, 24.9854, 2.57709
211.3, 25.1096, 2.37769
211.4, 25.2232, 2.15408
211.5, 25.325, 1.9098
211.6, 25.4141, 1.64874
211.7, 25.4899, 1.37491
211.8, 25.5516, 1.0923
211.9, 25.5991, 0.804772
212, 25.6321, 0.515974
212.1, 25.6507, 0.229363
212.2, 25.655, -0.0518124
212.3, 25.6455, -0.324476
212.4, 25.6226, -0.585699
212.5, 25.5869, -0.83267
212.6, 25.5393, -1.06269
212.7, 25.4807, -1.27318
212.8, 25.412, -1.46172
212.9, 25.3345, -1.6261
213, 25.2494, -1.76438
213.1, 25.1581, -1.875
213.2, 25.0619, -1.95681
213.3, 24.9624, -2.00918
213.4, 24.861, -2.03202
213.5, 24.7592, -2.02575
213.6, 24.6584, -1.99133
213.7, 24.56, -1.93013
213.8, 24.4654, -1.8439
213.9, 24.3757, -1.73463
214, 24.2919, -1.60442
214.1, 24.2152, -1.45544
214.2, 24.1464, -1.28977
214.3, 24.0862, -1.10941
214.4, 24.0354, -0.916161
214.5, 23.9946, -0.711677
214.6, 23.9643, -0.497439
214.7, 23.9449, -0.27479
214.8, 23.9368, -0.0449829
214.9, 23.9404, 0.190768
215, 23.9559, 0.431217
215.1, 23.9835, 0.675021
215.2, 24.0234, 0.920665
215.3, 24.0756, 1.1664
215.4, 24.14, 1.41018
215.5, 24.2166, 1.64965
215.6, 24.305, 1.88208
215.7, 24.4048, 2.10448
215.8, 24.5154, 2.31356
215.9, 24.6361, 2.50596
216, 24.766, 2.67835
216.1, 24.904, 2.82763
216.2, 25.0488, 2.95121
216.3, 25.1991, 3.04719
216.4, 25.3535, 3.11453
216.5, 25.5106, 3.15322
216.6, 25.6688, 3.16426
216.7, 25.827, 3.1496
216.8, 25.9838, 3.11204
216.9, 26.1382, 3.05496
217, 26.2893, 2.98212
217.1, 26.4364, 2.8974
217.2, 26.579, 2.8046
217.3, 26.7169, 2.70725
217.4, 26.8498, 2.60849
217.5, 26.9777, 2.51102
217.6, 27.1009, 2.41706
217.7, 27.2194, 2.32836
217.8, 27.3337, 2.24624
217.9, 27.444, 2.17165
218, 27.5509, 2.10522
218.1, 27.6546, 2.0473
218.2, 27.7556, 1.99804
218.3, 27.8544, 1.95744
218.4, 27.9513, 1.92538
218.5, 28.0469, 1.90162
218.6, 28.1415, 1.88589
218.7, 28.2355, 1.87786
218.8, 28.3293, 1.87716
218.9, 28.4232, 1.8834
219, 28.5176, 1.89615
219.1, 28.6128, 1.91493
219.2, 28.7091, 1.93921
219.3, 28.8067, 1.9684
219.4, 28.906, 2.00183
219.5, 29.0069, 2.0387
219.6, 29.1098, 2.07811
219.7, 29.2147, 2.11903
219.8, 29.3217, 2.16024
219.9, 29.4308, 2.20039
220, 29.5418, 2.23796
220.1, 29.6546, 2.27128
220.2, 29.7689, 2.29858
220.3, 29.8844, 2.31797
220.4, 30.0007, 2.32758
220.5, 30.1172, 2.32558
220.6, 30.2332, 2.31026
220.7, 30.3482, 2.28014
220.8, 30.4613, 2.23405
220.9, 30.5716, 2.1712
221, 30.6784, 2.09122
221.1, 30.7807, 1.99426
221.2, 30.8778, 1.8809
221.3, 30.9688, 1.75223
221.4, 31.053, 1.60974
221.5, 31.1298, 1.45529
221.6, 31.1986, 1.29103
221.7, 31.2589, 1.11933
221.8, 31.3105, 0.942678
221.9, 31.3532, 0.763624
222, 31.3869, 0.584725
222.1, 31.4116, 0.408478
222.2, 31.4277, 0.237289
222.3, 31.4354, 0.0734372
222.4, 31.435, -0.0809532
222.5, 31.4273, -0.22393
222.6, 31.4127, -0.353732
222.7, 31.3919, -0.468806
222.8, 31.3658, -0.567817
222.9, 31.3351, -0.649667
223, 31.3008, -0.713504
223.1, 31.2638, -0.758726
223.2, 31.2249, -0.78499
223.3, 31.1853, -0.79221
223.4, 31.1457, -0.780549
223.5, 31.1072, -0.750406
223.6, 31.0707, -0.702403
223.7, 31.037, -0.637362
223.8, 31.0069, -0.556283
223.9, 30.9813, -0.460321
224, 30.9609, -0.350767
224.1, 30.9463, -0.229028
224.2, 30.938, -0.0966103
224.3, 30.9366, 0.044887
224.4, 30.9425, 0.193783
224.5, 30.956, 0.348319
224.6, 30.9773, 0.506661
224.7, 31.0066, 0.666904
224.8, 31.044, 0.827082
224.9, 31.0894, 0.985176
225, 31.1425, 1.13914
225.1, 31.2033, 1.28693
225.2, 31.2712, 1.42655
225.3, 31.3459, 1.55607
225.4, 31.4268, 1.67372
225.5, 31.5133, 1.77795
225.6, 31.6046, 1.86744
225.7, 31.7, 1.94121
225.8, 31.7987, 1.99863
225.9, 31.8999, 2.03945
226, 32.0027, 2.06377
226.1, 32.1063, 2.07209
226.2, 32.2099, 2.0652
226.3, 32.3128, 2.04416
226.4, 32.4143, 2.01022
226.5, 32.5138, 1.96474
226.6, 32.6108, 1.90916
226.7, 32.7047, 1.84484
226.8, 32.7953, 1.7731
226.9, 32.882, 1.69513
227, 32.9648, 1.61193
227.1, 33.0432, 1.52435
227.2, 33.1172, 1.43302
227.3, 33.1865, 1.3384
227.4, 33.2511, 1.24075
227.5, 33.3106, 1.14015
227.6, 33.3651, 1.03654
227.7, 33.4143, 0.929704
227.8, 33.458, 0.819297
227.9, 33.4962, 0.70488
228, 33.5285, 0.585919
228.1, 33.5548, 0.461811
228.2, 33.5747, 0.331897
228.3, 33.588, 0.195479
228.4, 33.5943, 0.0518381
228.5, 33.5932, -0.0997486
228.6, 33.5843, -0.259987
228.7, 33.5672, -0.429542
228.8, 33.5413, -0.609005
228.9, 33.5063, -0.798861
229, 33.4614, -0.999435
229.1, 33.4063, -1.21084
229.2, 33.3404, -1.43289
229.3, 33.263, -1.66503
229.4, 33.1739, -1.90622
229.5, 33.0724, -2.15484
229.6, 32.9584, -2.40855
229.7, 32.8316, -2.66424
229.8, 32.6919, -2.91793
229.9, 32.5398, -3.16481
230, 32.3755, -3.39933
230.1, 32.1998, -3.61547
230.2, 32.0139, -3.80706
230.3, 31.8191, -3.96832
230.4, 31.6171, -4.09439
230.5, 31.4097, -4.1819
230.6, 31.1989, -4.22943
230.7, 30.9867, -4.23771
230.8, 30.7751, -4.20964
230.9, 30.5658, -4.14999
231, 30.3601, -4.06496
231.1, 30.1593, -3.96158
231.2, 29.964, -3.84712
231.3, 29.7746, -3.72859
231.4, 29.5911, -3.6124
231.5, 29.4133, -3.50408
231.6, 29.2407, -3.4082
231.7, 29.0725, -3.32838
231.8, 28.9079, -3.26736
231.9, 28.7458, -3.22707
232, 28.5852, -3.20876
232.1, 28.4249, -3.21306
232.2, 28.2639, -3.24004
232.3, 28.1009, -3.28921
232.4, 27.9349, -3.35954
232.5, 27.7649, -3.44932
232.6, 27.59, -3.55608
232.7, 27.4093, -3.67652
232.8, 27.2223, -3.8063
232.9, 27.0287, -3.94001
233, 26.8283, -4.07115
233.1, 26.6216, -4.19223
233.2, 26.4091, -4.29507
233.3, 26.1921, -4.37123
233.4, 25.972, -4.41266
233.5, 25.7508, -4.41236
233.6, 25.5308, -4.36517
233.7, 25.3143, -4.2682
233.8, 25.1039, -4.12115
233.9, 24.9022, -3.92624
234, 24.7113, -3.68779
234.1, 24.5334, -3.41164
234.2, 24.3702, -3.10444
234.3, 24.223, -2.77296
234.4, 24.0929, -2.4236
234.5, 23.9806, -2.062
234.6, 23.8867, -1.69284
234.7, 23.8113, -1.31988
234.8, 23.7547, -0.945989
234.9, 23.7167, -0.573299
235, 23.6973, -0.203422
235.1, 23.6964, 0.162365
235.2, 23.7136, 0.522911
235.3, 23.7487, 0.876997
235.4, 23.8013, 1.22316
235.5, 23.871, 1.55954
235.6, 23.9572, 1.88376
235.7, 24.0594, 2.19284
235.8, 24.1765, 2.48319
235.9, 24.3077, 2.75071
236, 24.4516, 2.99091
236.1, 24.6068, 3.19925
236.2, 24.7715, 3.37143
236.3, 24.9439, 3.50384
236.4, 25.1219, 3.59395
236.5, 25.3033, 3.64065
236.6, 25.486, 3.6444
236.7, 25.6677, 3.60726
236.8, 25.8467, 3.53272
236.9, 26.021, 3.42535
237, 26.1892, 3.29039
237.1, 26.3501, 3.13331
237.2, 26.5026, 2.95945
237.3, 26.646, 2.77364
237.4, 26.7799, 2.58005
237.5, 26.904, 2.38208
237.6, 27.0181, 2.1823
237.7, 27.1222, 1.98253
237.8, 27.2164, 1.78392
237.9, 27.3006, 1.587
238, 27.3751, 1.39185
238.1, 27.4398, 1.19818
238.2, 27.4949, 1.00539
238.3, 27.5404, 0.81267
238.4, 27.5762, 0.619075
238.5, 27.6023, 0.423552
238.6, 27.6185, 0.22499
238.7, 27.6248, 0.0222537
238.8, 27.6207, -0.185791
238.9, 27.6062, -0.40025
239, 27.5807, -0.622167
239.1, 27.544, -0.852494
239.2, 27.4955, -1.09204
239.3, 27.4348, -1.34141
239.4, 27.3613, -1.60092
239.5, 27.2747, -1.87049
239.6, 27.1743, -2.1495
239.7, 27.0597, -2.43665
239.8, 26.9306, -2.72976
239.9, 26.7867, -3.0256
240, 26.6281, -3.31976
240.1, 26.4548, -3.60655
240.2, 26.2674, -3.87912
240.3, 26.0669, -4.12969
240.4, 25.8544, -4.35005
240.5, 25.6318, -4.53229
240.6, 25.4012, -4.66966
240.7, 25.1649, -4.75743
240.8, 24.9255, -4.79363
240.9, 24.6855, -4.77941
241, 24.4475, -4.71899
241.1, 24.2136, -4.61914
241.2, 23.9856, -4.48843
241.3, 23.7648, -4.33625
241.4, 23.552, -4.17197
241.5, 23.3476, -4.00425
241.6, 23.1516, -3.84055
241.7, 22.9635, -3.68693
241.8, 22.7829, -3.54803
241.9, 22.6087, -3.42714
242, 22.4401, -3.32639
242.1, 22.2761, -3.24694
242.2, 22.1155, -3.18914
242.3, 21.9572, -3.15266
242.4, 21.8002, -3.13662
242.5, 21.6435, -3.13964
242.6, 21.4862, -3.15987
242.7, 21.3275, -3.19497
242.8, 21.1667, -3.24209
242.9, 21.0033, -3.29785
243, 20.8369, -3.35832
243.1, 20.6675, -3.41902
243.2, 20.495, -3.47499
243.3, 20.32, -3.52093
243.4, 20.1429, -3.55136
243.5, 19.9648, -3.56093
243.6, 19.7869, -3.54473
243.7, 19.6104, -3.49861
243.8, 19.437, -3.41952
243.9, 19.2684, -3.30572
244, 19.1064, -3.15689
244.1, 18.9527, -2.97415
244.2, 18.809, -2.75985
244.3, 18.6767, -2.51737
244.4, 18.5573, -2.25079
244.5, 18.4517, -1.96457
244.6, 18.3608, -1.6633
244.7, 18.2853, -1.35146
244.8, 18.2257, -1.03331
244.9, 18.182, -0.71276
245, 18.1544, -0.39343
245.1, 18.1427, -0.0786321
245.2, 18.1465, 0.228547
245.3, 18.1655, 0.525182
245.4, 18.199, 0.808438
245.5, 18.2464, 1.07553
245.6, 18.3066, 1.32371
245.7, 18.3787, 1.55024
245.8, 18.4616, 1.7525
245.9, 18.554, 1.92801
246, 18.6544, 2.07458
246.1, 18.7614, 2.19041
246.2, 18.8735, 2.2742
246.3, 18.9889, 2.32527
246.4, 19.106, 2.3436
246.5, 19.2232, 2.32982
246.6, 19.339, 2.28524
246.7, 19.4517, 2.21166
246.8, 19.5601, 2.11134
246.9, 19.6629, 1.98677
247, 19.7588, 1.84058
247.1, 19.8469, 1.67537
247.2, 19.9264, 1.4936
247.3, 19.9963, 1.29753
247.4, 20.0561, 1.08916
247.5, 20.1052, 0.870211
247.6, 20.1431, 0.642139
247.7, 20.1694, 0.40619
247.8, 20.1837, 0.16344
247.9, 20.1858, -0.0851298
248, 20.1752, -0.338554
248.1, 20.1519, -0.595798
248.2, 20.1157, -0.855671
248.3, 20.0663, -1.11674
248.4, 20.004, -1.37725
248.5, 19.9286, -1.63506
248.6, 19.8405, -1.8876
248.7, 19.7399, -2.13186
248.8, 19.6273, -2.36444
248.9, 19.5034, -2.58163
249, 19.3691, -2.7796
249.1, 19.2255, -2.95459
249.2, 19.0737, -3.1032
249.3, 18.9151, -3.22264
249.4, 18.7514, -3.31105
249.5, 18.584, -3.36768
249.6, 18.4146, -3.39299
249.7, 18.2447, -3.38867
249.8, 18.0758, -3.3575
249.9, 17.909, -3.30312
250, 17.7455, -3.22977
250.1, 17.586, -3.14197
250.2, 17.4313, -3.04423
250.3, 17.2816, -2.94083
250.4, 17.1372, -2.83564
250.5, 16.998, -2.73198
250.6, 16.864, -2.63263
250.7, 16.7348, -2.53981
250.8, 16.61, -2.45522
250.9, 16.4892, -2.38009
251, 16.372, -2.31526
251.1, 16.2577, -2.26124
251.2, 16.1459, -2.2183
251.3, 16.0359, -2.1865
251.4, 15.9272, -2.16573
251.5, 15.8193, -2.15578
251.6, 15.7116, -2.15633
251.7, 15.6037, -2.16696
251.8, 15.4949, -2.18717
251.9, 15.385, -2.21637
252, 15.2733, -2.25383
252.1, 15.1596, -2.2987
252.2, 15.0434, -2.34993
252.3, 14.9246, -2.40629
252.4, 14.8028, -2.46627
252.5, 14.678, -2.52812
252.6, 14.55, -2.58978
252.7, 14.419, -2.6489
252.8, 14.2851, -2.70282
252.9, 14.1487, -2.74868
253, 14.0102, -2.78344
253.1, 13.8703, -2.80403
253.2, 13.7298, -2.80745
253.3, 13.5896, -2.79097
253.4, 13.4507, -2.75229
253.5, 13.3144, -2.68968
253.6, 13.1818, -2.6021
253.7, 13.0542, -2.48931
253.8, 12.9328, -2.35187
253.9, 12.819, -2.19111
254, 12.7137, -2.00904
254.1, 12.6181, -1.80825
254.2, 12.5329, -1.59172
254.3, 12.4589, -1.36273
254.4, 12.3966, -1.12469
254.5, 12.3464, -0.881021
254.6, 12.3085, -0.635115
254.7, 12.2829, -0.390239
254.8, 12.2695, -0.14952
254.9, 12.268, 0.0840785
255, 12.2779, 0.307757
255.1, 12.2987, 0.51889
255.2, 12.3298, 0.715024
255.3, 12.3702, 0.893897
255.4, 12.4192, 1.05346
255.5, 12.4756, 1.1919
255.6, 12.5384, 1.30769
255.7, 12.6064, 1.39962
255.8, 12.6783, 1.4668
255.9, 12.753, 1.50877
256, 12.8292, 1.52541
256.1, 12.9056, 1.51701
256.2, 12.9809, 1.48422
256.3, 13.054, 1.42799
256.4, 13.1237, 1.34957
256.5, 13.189, 1.25039
256.6, 13.2488, 1.13205
256.7, 13.3022, 0.99623
256.8, 13.3484, 0.844646
256.9, 13.3866, 0.679023
257, 13.4163, 0.501066
257.1, 13.4367, 0.312458
257.2, 13.4475, 0.114862
257.3, 13.4482, -0.0900567
257.4, 13.4385, -0.300602
257.5, 13.4182, -0.51501
257.6, 13.387, -0.731419
257.7, 13.345, -0.947831
257.8, 13.2922, -1.16209
257.9, 13.2288, -1.37186
258, 13.155, -1.57467
258.1, 13.0713, -1.7679
258.2, 12.9783, -1.94888
258.3, 12.8765, -2.11495
258.4, 12.7668, -2.2636
258.5, 12.6501, -2.3926
258.6, 12.5275, -2.50012
258.7, 12.4001, -2.58485
258.8, 12.269, -2.64612
258.9, 12.1355, -2.68395
259, 12.0006, -2.69906
259.1, 11.8656, -2.69278
259.2, 11.7313, -2.66703
259.3, 11.5989, -2.62412
259.4, 11.4689, -2.56665
259.5, 11.3422, -2.49732
259.6, 11.2192, -2.4188
259.7, 11.1003, -2.33363
259.8, 10.9858, -2.24409
259.9, 10.8759, -2.15218
260, 10.7706, -2.05956
260.1, 10.67, -1.96757
260.2, 10.5739, -1.8772
260.3, 10.4822, -1.78917
260.4, 10.3949, -1.70391
260.5, 10.3118, -1.62162
260.6, 10.2328, -1.54233
260.7, 10.1576, -1.46589
260.8, 10.0862, -1.39202
260.9, 10.0184, -1.32036
261, 9.95416, -1.25047
261.1, 9.89337, -1.18185
261.2, 9.83598, -1.11399
261.3, 9.78197, -1.04633
261.4, 9.73134, -0.978323
261.5, 9.68413, -0.909401
261.6, 9.6404, -0.839016
261.7, 9.60023, -0.766625
261.8, 9.56374, -0.691698
261.9, 9.53106, -0.613723
262, 9.50237, -0.532198
262.1, 9.47784, -0.44664
262.2, 9.4577, -0.356579
262.3, 9.44218, -0.261554
262.4, 9.43155, -0.161112
262.5, 9.42607, -0.0548026
262.6, 9.42607, 0.0578288
262.7, 9.43186, 0.177245
262.8, 9.44379, 0.303924
262.9, 9.46225, 0.438368
263, 9.48763, 0.581101
263.1, 9.52036, 0.732683
263.2, 9.5609, 0.8937
263.3, 9.60973, 1.06476
263.4, 9.66737, 1.24649
263.5, 9.73438, 1.43949
263.6, 9.81132, 1.64431
263.7, 9.89881, 1.86136
263.8, 9.99746, 2.09087
263.9, 10.1079, 2.33271
264, 10.2307, 2.58626
264.1, 10.3665, 2.85024
264.2, 10.5158, 3.12243
264.3, 10.6788, 3.39949
264.4, 10.8557, 3.67673
264.5, 11.0464, 3.94798
264.6, 11.2505, 4.20566
264.7, 11.467, 4.44096
264.8, 11.6946, 4.64441
264.9, 11.9314, 4.8067
265, 12.1753, 4.91966
265.1, 12.4234, 4.97737
265.2, 12.673, 4.97696
265.3, 12.9211, 4.91912
265.4, 13.1649, 4.80803
265.5, 13.4019, 4.65075
265.6, 13.63, 4.45627
265.7, 13.8475, 4.23444
265.8, 14.0534, 3.99495
265.9, 14.247, 3.74654
266, 14.4281, 3.49654
266.1, 14.5967, 3.25069
266.2, 14.7532, 3.01313
266.3, 14.898, 2.78658
266.4, 15.0318, 2.5726
266.5, 15.1553, 2.3718
266.6, 15.269, 2.18411
266.7, 15.3737, 2.00897
266.8, 15.4699, 1.84553
266.9, 15.5582, 1.69274
267, 15.6392, 1.54948
267.1, 15.7132, 1.41461
267.2, 15.7806, 1.28704
267.3, 15.8419, 1.16574
267.4, 15.8972, 1.04979
267.5, 15.9469, 0.938362
267.6, 15.991, 0.830724
267.7, 16.0299, 0.726265
267.8, 16.0637, 0.624466
267.9, 16.0924, 0.524904
268, 16.1162, 0.427239
268.1, 16.1351, 0.331205
268.2, 16.1493, 0.236601
268.3, 16.1588, 0.143281
268.4, 16.1636, 0.0511394
268.5, 16.1639, -0.0398957
268.6, 16.1596, -0.129875
268.7, 16.1509, -0.218836
268.8, 16.1377, -0.306815
268.9, 16.1202, -0.393853
269, 16.0983, -0.480005
269.1, 16.0722, -0.565342
269.2, 16.0418, -0.649965
269.3, 16.0072, -0.733999
269.4, 15.9684, -0.817604
269.5, 15.9254, -0.90097
269.6, 15.8783, -0.984321
269.7, 15.827, -1.06791
269.8, 15.7715, -1.15201
269.9, 15.7118, -1.23693
270, 15.6478, -1.32296
270.1, 15.5795, -1.41041
270.2, 15.5068, -1.49957
270.3, 15.4296, -1.59067
270.4, 15.3477, -1.68389
270.5, 15.2612, -1.77932
270.6, 15.1698, -1.87691
270.7, 15.0735, -1.97647
270.8, 14.9721, -2.07758
270.9, 14.8657, -2.17956
271, 14.7542, -2.28145
271.1, 14.6376, -2.38196
271.2, 14.516, -2.47939
271.3, 14.3896, -2.57171
271.4, 14.2588, -2.65647
271.5, 14.124, -2.73092
271.6, 13.9857, -2.79205
271.7, 13.8448, -2.83669
271.8, 13.7021, -2.86171
271.9, 13.5586, -2.8642
272, 13.4156, -2.8416
272.1, 13.2745, -2.79199
272.2, 13.1364, -2.71416
272.3, 13.003, -2.60774
272.4, 12.8757, -2.47328
272.5, 12.7557, -2.31215
272.6, 12.6445, -2.12649
272.7, 12.5431, -1.91906
272.8, 12.4525, -1.69309
272.9, 12.3738, -1.45208
273, 12.3073, -1.19968
273.1, 12.2538, -0.939547
273.2, 12.2134, -0.675274
273.3, 12.1863, -0.410319
273.4, 12.1724, -0.147987
273.5, 12.1715, 0.108579
273.6, 12.1832, 0.356388
273.7, 12.2071, 0.592597
273.8, 12.2425, 0.814504
273.9, 12.2885, 1.01956
274, 12.3444, 1.20538
274.1, 12.4091, 1.3698
274.2, 12.4814, 1.51091
274.3, 12.5602, 1.6271
274.4, 12.6441, 1.71717
274.5, 12.7319, 1.78031
274.6, 12.8221, 1.81619
274.7, 12.9135, 1.82491
274.8, 13.0046, 1.80707
274.9, 13.0942, 1.76364
275, 13.181, 1.69594
275.1, 13.2638, 1.60556
275.2, 13.3416, 1.49426
275.3, 13.4132, 1.3639
275.4, 13.4779, 1.21632
275.5, 13.5349, 1.05335
275.6, 13.5833, 0.87672
275.7, 13.6225, 0.688033
275.8, 13.6521, 0.488791
275.9, 13.6714, 0.280394
276, 13.6801, 0.0641757
276.1, 13.6778, -0.158552
276.2, 13.6643, -0.386449
276.3, 13.6392, -0.618085
276.4, 13.6025, -0.851884
276.5, 13.554, -1.08607
276.6, 13.4939, -1.31861
276.7, 13.4221, -1.5472
276.8, 13.3391, -1.76926
276.9, 13.2452, -1.98194
277, 13.1409, -2.1822
277.1, 13.027, -2.36691
277.2, 12.9042, -2.53302
277.3, 12.7737, -2.67768
277.4, 12.6365, -2.7985
277.5, 12.4938, -2.89368
277.6, 12.3471, -2.96222
277.7, 12.1976, -3.00398
277.8, 12.0467, -3.01973
277.9, 11.8957, -3.01112
278, 11.7456, -2.98054
278.1, 11.5976, -2.93095
278.2, 11.4525, -2.86567
278.3, 11.311, -2.78817
278.4, 11.1737, -2.70191
278.5, 11.0408, -2.61012
278.6, 10.9127, -2.51573
278.7, 10.7893, -2.42127
278.8, 10.6706, -2.32888
278.9, 10.5564, -2.24023
279, 10.4465, -2.15663
279.1, 10.3407, -2.07903
279.2, 10.2386, -2.00805
279.3, 10.1399, -1.94407
279.4, 10.0442, -1.88726
279.5, 9.95119, -1.83762
279.6, 9.86046, -1.79504
279.7, 9.77168, -1.7593
279.8, 9.68453, -1.73014
279.9, 9.59867, -1.70724
280, 9.5138, -1.69027
280.1, 9.42964, -1.67887
280.2, 9.34591, -1.67269
280.3, 9.26237, -1.67136
280.4, 9.17878, -1.67452
280.5, 9.09492, -1.68177
280.6, 9.0106, -1.69273
280.7, 8.92565, -1.70698
280.8, 8.8399, -1.72407
280.9, 8.75324, -1.74352
281, 8.66555, -1.76479
281.1, 8.57676, -1.78729
281.2, 8.48682, -1.81035
281.3, 8.39573, -1.83325
281.4, 8.3035, -1.85518
281.5, 8.21021, -1.87527
281.6, 8.11597, -1.89257
281.7, 8.02095, -1.90609
281.8, 7.92536, -1.91481
281.9, 7.82947, -1.91769
282, 7.73359, -1.91373
282.1, 7.6381, -1.90196
282.2, 7.5434, -1.88156
282.3, 7.44994, -1.8518
282.4, 7.35822, -1.81215
282.5, 7.26873, -1.76232
282.6, 7.18198, -1.70222
282.7, 7.0985, -1.63204
282.8, 7.01878, -1.55224
282.9, 6.94328, -1.46352
283, 6.87243, -1.36684
283.1, 6.8066, -1.26336
283.2, 6.74609, -1.15445
283.3, 6.69115, -1.04159
283.4, 6.64193, -0.926392
283.5, 6.59851, -0.810501
283.6, 6.56088, -0.695594
283.7, 6.52895, -0.583327
283.8, 6.50255, -0.475299
283.9, 6.48142, -0.37303
284, 6.46525, -0.27793
284.1, 6.45363, -0.191281
284.2, 6.44612, -0.114219
284.3, 6.44221, -0.0477246
284.4, 6.44135, 0.00739351
284.5, 6.44295, 0.0505002
284.6, 6.4464, 0.0811405
284.7, 6.45106, 0.0990412
284.8, 6.4563, 0.10411
284.9, 6.46147, 0.0964332
285, 6.46594, 0.07627
285.1, 6.4691, 0.0440469
285.2, 6.47035, 0.000348671
285.3, 6.46913, -0.0540905
285.4, 6.46494, -0.118398
285.5, 6.45729, -0.191573
285.6, 6.44578, -0.272501
285.7, 6.43004, -0.359964
285.8, 6.40979, -0.452656
285.9, 6.38478, -0.549199
286, 6.35487, -0.648157
286.1, 6.31996, -0.74806
286.2, 6.28006, -0.847418
286.3, 6.23522, -0.944753
286.4, 6.18558, -1.03862
286.5, 6.13136, -1.12763
286.6, 6.07282, -1.21048
286.7, 6.01031, -1.28601
286.8, 5.94422, -1.35317
286.9, 5.87499, -1.4111
287, 5.80311, -1.45912
287.1, 5.72908, -1.49673
287.2, 5.65344, -1.52364
287.3, 5.57672, -1.53974
287.4, 5.49946, -1.54513
287.5, 5.42221, -1.54002
287.6, 5.34546, -1.52479
287.7, 5.26973, -1.49989
287.8, 5.19547, -1.46584
287.9, 5.12314, -1.42321
288, 5.05315, -1.37255
288.1, 4.98589, -1.3144
288.2, 4.92171, -1.24922
288.3, 4.86097, -1.17744
288.4, 4.80397, -1.09936
288.5, 4.75103, -1.01523
288.6, 4.70245, -0.925169
288.7, 4.65851, -0.829219
288.8, 4.61952, -0.727323
288.9, 4.58578, -0.619341
289, 4.55759, -0.50506
289.1, 4.53527, -0.384205
289.2, 4.51917, -0.256457
289.3, 4.50963, -0.12147
289.4, 4.50702, 0.0211058
289.5, 4.51174, 0.171603
289.6, 4.52418, 0.330303
289.7, 4.54477, 0.497407
289.8, 4.57392, 0.672994
289.9, 4.61207, 0.856976
290, 4.65962, 1.04905
290.1, 4.71697, 1.24862
290.2, 4.78448, 1.45477
290.3, 4.86245, 1.66617
290.4, 4.9511, 1.88103
290.5, 5.05055, 2.09704
290.6, 5.1608, 2.31138
290.7, 5.28169, 2.52069
290.8, 5.41287, 2.72116
290.9, 5.55381, 2.90868
291, 5.70374, 3.079
291.1, 5.86171, 3.22802
291.2, 6.02654, 3.35209
291.3, 6.19691, 3.44832
291.4, 6.37137, 3.51489
291.5, 6.5484, 3.55122
291.6, 6.7265, 3.55809
291.7, 6.90421, 3.53759
291.8, 7.08025, 3.49294
291.9, 7.25351, 3.42826
292, 7.42308, 3.34819
292.1, 7.58833, 3.25761
292.2, 7.74884, 3.16132
292.3, 7.90446, 3.06382
292.4, 8.05522, 2.96913
292.5, 8.20137, 2.88073
292.6, 8.3433, 2.80151
292.7, 8.48152, 2.7338
292.8, 8.61668, 2.67943
292.9, 8.74947, 2.63975
293, 8.88065, 2.61579
293.1, 9.01104, 2.60821
293.2, 9.14147, 2.61745
293.3, 9.27279, 2.64369
293.4, 9.40584, 2.68691
293.5, 9.54148, 2.74685
293.6, 9.68053, 2.82298
293.7, 9.82378, 2.91443
293.8, 9.97197, 3.01992
293.9, 10.1258, 3.13766
294, 10.2857, 3.26517
294.1, 10.4523, 3.39926
294.2, 10.6257, 3.53583
294.3, 10.8059, 3.66992
294.4, 10.9927, 3.79567
294.5, 11.1854, 3.9065
294.6, 11.3833, 3.99542
294.7, 11.585, 4.05544
294.8, 11.7888, 4.08006
294.9, 11.993, 4.0639
295, 12.1952, 4.00321
295.1, 12.3933, 3.89619
295.2, 12.5849, 3.74318
295.3, 12.7676, 3.54654
295.4, 12.9395, 3.31029
295.5, 13.0987, 3.0396
295.6, 13.2435, 2.7403
295.7, 13.3727, 2.4183
295.8, 13.4853, 2.07923
295.9, 13.5806, 1.72815
296, 13.6581, 1.3694
296.1, 13.7175, 1.00661
296.2, 13.7588, 0.642755
296.3, 13.7818, 0.280298
296.4, 13.7868, -0.0786653
296.5, 13.774, -0.432222
296.6, 13.7436, -0.778469
296.7, 13.6961, -1.11536
296.8, 13.632, -1.44057
296.9, 13.5521, -1.75141
297, 13.4569, -2.04477
297.1, 13.3476, -2.31716
297.2, 13.2252, -2.56477
297.3, 13.0911, -2.7837
297.4, 12.9468, -2.97017
297.5, 12.7941, -3.12083
297.6, 12.6347, -3.23308
297.7, 12.4708, -3.30538
297.8, 12.3042, -3.3374
297.9, 12.137, -3.33012
298, 11.9712, -3.28581
298.1, 11.8085, -3.20777
298.2, 11.6504, -3.10009
298.3, 11.4984, -2.9673
298.4, 11.3537, -2.81402
298.5, 11.217, -2.64465
298.6, 11.0892, -2.4632
298.7, 10.9707, -2.27305
298.8, 10.8619, -2.07695
298.9, 10.763, -1.87697
299, 10.6742, -1.67457
299.1, 10.5956, -1.4706
299.2, 10.5272, -1.26546
299.3, 10.469, -1.05912
299.4, 10.4212, -0.851257
299.5, 10.3839, -0.64128
299.6, 10.3571, -0.428436
299.7, 10.3411, -0.211853
299.8, 10.3359, 0.00939944
299.9, 10.342, 0.236264
300, 10.3596, 0.469638
