0, 3.14159, 3.13159, 0, 0 
0.01, 3.1416, 3.13158, 0.000981478, -0.00196273 
0.02, 3.14161, 3.13155, 0.0019668, -0.00393124 
0.03, 3.14164, 3.1315, 0.00295985, -0.00591132 
0.04, 3.14167, 3.13144, 0.00396449, -0.00790879 
0.05, 3.14172, 3.13135, 0.00498466, -0.00992956 
0.06, 3.14177, 3.13124, 0.00602435, -0.0119796 
0.07, 3.14184, 3.13111, 0.00708759, -0.0140649 
0.08, 3.14191, 3.13095, 0.00817853, -0.0161917 
0.09, 3.142, 3.13078, 0.00930139, -0.0183663 
0.1, 3.1421, 3.13059, 0.0104605, -0.0205952 
0.11, 3.14221, 3.13037, 0.0116603, -0.022885 
0.12, 3.14233, 3.13013, 0.0129054, -0.0252425 
0.13, 3.14247, 3.12987, 0.0142005, -0.0276748 
0.14, 3.14262, 3.12958, 0.0155507, -0.0301892 
0.15, 3.14278, 3.12926, 0.0169609, -0.0327933 
0.16, 3.14296, 3.12892, 0.0184364, -0.0354949 
0.17, 3.14315, 3.12855, 0.0199829, -0.0383022 
0.18, 3.14336, 3.12815, 0.0216061, -0.0412238 
0.19, 3.14358, 3.12773, 0.023312, -0.0442685 
0.2, 3.14382, 3.12727, 0.0251069, -0.0474456 
0.21, 3.14408, 3.12678, 0.0269975, -0.0507649 
0.22, 3.14436, 3.12625, 0.0289907, -0.0542365 
0.23, 3.14466, 3.12569, 0.0310937, -0.0578711 
0.24, 3.14499, 3.12509, 0.0333142, -0.0616799 
0.25, 3.14533, 3.12446, 0.0356603, -0.0656746 
0.26, 3.1457, 3.12378, 0.0381404, -0.0698676 
0.27, 3.14609, 3.12306, 0.0407633, -0.0742719 
0.28, 3.14651, 3.12229, 0.0435386, -0.0789012 
0.29, 3.14696, 3.12148, 0.046476, -0.0837699 
0.3, 3.14744, 3.12062, 0.0495861, -0.0888931 
0.31, 3.14796, 3.1197, 0.0528797, -0.0942867 
0.32, 3.1485, 3.11873, 0.0563684, -0.0999677 
0.33, 3.14909, 3.1177, 0.0600645, -0.105954 
0.34, 3.14971, 3.11661, 0.0639808, -0.112263 
0.35, 3.15037, 3.11545, 0.0681309, -0.118916 
0.36, 3.15107, 3.11423, 0.0725292, -0.125933 
0.37, 3.15182, 3.11293, 0.0771906, -0.133336 
0.38, 3.15261, 3.11156, 0.0821313, -0.141148 
0.39, 3.15346, 3.11011, 0.0873678, -0.149392 
0.4, 3.15436, 3.10857, 0.092918, -0.158096 
0.41, 3.15532, 3.10695, 0.0988004, -0.167285 
0.42, 3.15634, 3.10523, 0.105035, -0.176988 
0.43, 3.15742, 3.10341, 0.111641, -0.187235 
0.44, 3.15857, 3.10148, 0.118642, -0.198056 
0.45, 3.1598, 3.09944, 0.126059, -0.209485 
0.46, 3.1611, 3.09729, 0.133917, -0.221556 
0.47, 3.16248, 3.09501, 0.142241, -0.234305 
0.48, 3.16394, 3.0926, 0.151057, -0.24777 
0.49, 3.1655, 3.09005, 0.160392, -0.26199 
0.5, 3.16715, 3.08736, 0.170275, -0.277006 
0.51, 3.16891, 3.08451, 0.180735, -0.292862 
0.52, 3.17077, 3.0815, 0.191803, -0.309602 
0.53, 3.17274, 3.07831, 0.203512, -0.327272 
0.54, 3.17484, 3.07495, 0.215895, -0.34592 
0.55, 3.17706, 3.07139, 0.228985, -0.365596 
0.56, 3.17942, 3.06763, 0.242817, -0.386349 
0.57, 3.18192, 3.06366, 0.257428, -0.408233 
0.58, 3.18457, 3.05946, 0.272853, -0.431299 
0.59, 3.18738, 3.05503, 0.289129, -0.455602 
0.6, 3.19036, 3.05035, 0.306292, -0.481194 
0.61, 3.19351, 3.0454, 0.32438, -0.50813 
0.62, 3.19685, 3.04018, 0.343428, -0.536462 
0.63, 3.20038, 3.03467, 0.36347, -0.566242 
0.64, 3.20412, 3.02885, 0.384541, -0.59752 
0.65, 3.20808, 3.02271, 0.40667, -0.630343 
0.66, 3.21226, 3.01624, 0.429887, -0.664754 
0.67, 3.21668, 3.00941, 0.454215, -0.700792 
0.68, 3.22135, 3.00222, 0.479674, -0.738489 
0.69, 3.22628, 2.99464, 0.506279, -0.777872 
0.7, 3.23148, 2.98665, 0.534039, -0.818957 
0.71, 3.23696, 2.97825, 0.562954, -0.861754 
0.72, 3.24274, 2.96941, 0.593017, -0.906257 
0.73, 3.24883, 2.96012, 0.624211, -0.952452 
0.74, 3.25523, 2.95036, 0.656508, -1.00031 
0.75, 3.26196, 2.94011, 0.68987, -1.04979 
0.76, 3.26903, 2.92936, 0.724247, -1.10082 
0.77, 3.27645, 2.91809, 0.759575, -1.15333 
0.78, 3.28422, 2.90629, 0.795778, -1.20724 
0.79, 3.29237, 2.89394, 0.832766, -1.26242 
0.8, 3.30088, 2.88103, 0.870439, -1.31875 
0.81, 3.30978, 2.86756, 0.908684, -1.3761 
0.82, 3.31906, 2.85351, 0.947376, -1.4343 
0.83, 3.32873, 2.83887, 0.986383, -1.4932 
0.84, 3.33879, 2.82364, 1.02557, -1.55262 
0.85, 3.34924, 2.80782, 1.06478, -1.61238 
0.86, 3.36008, 2.79139, 1.10387, -1.6723 
0.87, 3.37131, 2.77437, 1.14271, -1.73221 
0.88, 3.38293, 2.75675, 1.18114, -1.79194 
0.89, 3.39493, 2.73853, 1.21902, -1.85133 
0.9, 3.40731, 2.71973, 1.25623, -1.91024 
0.91, 3.42006, 2.70033, 1.29264, -1.96852 
0.92, 3.43316, 2.68036, 1.32815, -2.02608 
0.93, 3.44662, 2.65981, 1.36266, -2.08281 
0.94, 3.46041, 2.6387, 1.39608, -2.13866 
0.95, 3.47453, 2.61704, 1.42835, -2.19356 
0.96, 3.48897, 2.59484, 1.45942, -2.24751 
0.97, 3.50372, 2.5721, 1.48923, -2.30049 
0.98, 3.51875, 2.54883, 1.51776, -2.35252 
0.99, 3.53407, 2.52505, 1.54498, -2.40364 
1, 3.54965, 2.50076, 1.5709, -2.45389 
1.01, 3.56548, 2.47597, 1.59549, -2.50336 
1.02, 3.58155, 2.4507, 1.61878, -2.55212 
1.03, 3.59785, 2.42493, 1.64076, -2.60028 
1.04, 3.61437, 2.39869, 1.66145, -2.64793 
1.05, 3.63108, 2.37198, 1.68086, -2.69521 
1.06, 3.64798, 2.34479, 1.69901, -2.74224 
1.07, 3.66505, 2.31713, 1.71592, -2.78916 
1.08, 3.68229, 2.28901, 1.73159, -2.83611 
1.09, 3.69968, 2.26041, 1.74604, -2.88324 
1.1, 3.71721, 2.23134, 1.75928, -2.93071 
1.11, 3.73486, 2.20179, 1.77131, -2.97869 
1.12, 3.75263, 2.17176, 1.78213, -3.02734 
1.13, 3.7705, 2.14124, 1.79174, -3.07685 
1.14, 3.78846, 2.11022, 1.80011, -3.12739 
1.15, 3.8065, 2.07869, 1.80725, -3.17915 
1.16, 3.8246, 2.04663, 1.81313, -3.23233 
1.17, 3.84276, 2.01404, 1.81773, -3.28713 
1.18, 3.86095, 1.98089, 1.82102, -3.34373 
1.19, 3.87917, 1.94716, 1.82297, -3.40235 
1.2, 3.89741, 1.91283, 1.82357, -3.46318 
1.21, 3.91564, 1.87789, 1.82279, -3.52642 
1.22, 3.93386, 1.84229, 1.82064, -3.59224 
1.23, 3.95205, 1.80603, 1.81714, -3.66079 
1.24, 3.9702, 1.76907, 1.81233, -3.73219 
1.25, 3.98829, 1.73138, 1.80632, -3.80649 
1.26, 4.00632, 1.69293, 1.79927, -3.88367 
1.27, 4.02428, 1.6537, 1.79146, -3.96358 
1.28, 4.04215, 1.61365, 1.78327, -4.04592 
1.29, 4.05994, 1.57277, 1.77526, -4.1302 
1.3, 4.07766, 1.53104, 1.76817, -4.21567 
1.31, 4.09531, 1.48846, 1.76302, -4.30123 
1.32, 4.11293, 1.44502, 1.7611, -4.38548 
1.33, 4.13055, 1.40076, 1.764, -4.46656 
1.34, 4.14823, 1.35571, 1.77363, -4.54228 
1.35, 4.16605, 1.30994, 1.7921, -4.61014 
1.36, 4.18411, 1.26354, 1.82166, -4.66751 
1.37, 4.20253, 1.21663, 1.86445, -4.7119 
1.38, 4.22145, 1.16935, 1.92225, -4.74134 
1.39, 4.24103, 1.12186, 1.99622, -4.75472 
1.4, 4.26143, 1.07431, 2.08665, -4.75215 
1.41, 4.28281, 1.02686, 2.19286, -4.7351 
1.42, 4.30533, 0.979649, 2.31325, -4.70636 
1.43, 4.32912, 0.932763, 2.44553, -4.66977 
1.44, 4.35427, 0.886264, 2.58705, -4.62981 
1.45, 4.38088, 0.840163, 2.73516, -4.59108 
1.46, 4.40899, 0.794424, 2.88752, -4.55796 
1.47, 4.43864, 0.748972, 3.04233, -4.53431 
1.48, 4.46984, 0.703696, 3.19845, -4.52335 
1.49, 4.50261, 0.658454, 3.35538, -4.52767 
1.5, 4.53695, 0.613084, 3.51327, -4.54938 
1.51, 4.57288, 0.567403, 3.6728, -4.5902 
1.52, 4.61042, 0.521211, 3.83518, -4.65171 
1.53, 4.6496, 0.474294, 4.00207, -4.73552 
1.54, 4.69048, 0.426421, 4.17557, -4.84346 
1.55, 4.73314, 0.377337, 4.35825, -4.97778 
1.56, 4.77769, 0.326767, 4.55326, -5.1414 
1.57, 4.82426, 0.274399, 4.76441, -5.33814 
1.58, 4.87305, 0.219877, 4.99641, -5.57309 
1.59, 4.92428, 0.162788, 5.25517, -5.85302 
1.6, 4.97826, 0.102638, 5.54818, -6.18696 
1.61, 5.03539, 0.038829, 5.88506, -6.58695 
1.62, 5.09615, -0.0293736, 6.2781, -7.0688 
1.63, 5.16119, -0.102886, 6.74267, -7.65259 
1.64, 5.2313, -0.182842, 7.2961, -8.3612 
1.65, 5.30745, -0.270588, 7.95193, -9.21219 
1.66, 5.39066, -0.367521, 8.69992, -10.19 
1.67, 5.4815, -0.474445, 9.45651, -11.1767 
1.68, 5.5791, -0.590075, 10.0032, -11.8652 
1.69, 5.67993, -0.709437, 10.0723, -11.8786 
1.7, 5.77885, -0.825248, 9.64938, -11.1929 
1.71, 5.87214, -0.932166, 8.9931, -10.1659 
1.72, 5.95872, -1.02851, 8.33314, -9.11512 
1.73, 6.03912, -1.11483, 7.76381, -8.16984 
1.74, 6.11436, -1.19233, 7.30109, -7.35048 
1.75, 6.18546, -1.26221, 6.93435, -6.64047 
1.76, 6.25331, -1.32543, 6.6479, -6.01627 
1.77, 6.31864, -1.38275, 6.42763, -5.45646 
1.78, 6.38205, -1.43471, 6.26226, -4.94355 
1.79, 6.44404, -1.48173, 6.14315, -4.46375 
1.8, 6.50504, -1.52406, 6.06367, -4.00624 
1.81, 6.56543, -1.5619, 6.0187, -3.5626 
1.82, 6.62552, -1.59534, 6.00408, -3.12633 
1.83, 6.6856, -1.62443, 6.01629, -2.69257 
1.84, 6.74592, -1.64919, 6.05212, -2.25799 
1.85, 6.80671, -1.66958, 6.1084, -1.82069 
1.86, 6.86815, -1.68559, 6.18182, -1.38021 
1.87, 6.93039, -1.69718, 6.26881, -0.937539 
1.88, 6.99355, -1.70434, 6.36546, -0.495047 
1.89, 7.05772, -1.70709, 6.46753, -0.0563831 
1.9, 7.12291, -1.7055, 6.57057, 0.373748 
1.91, 7.18912, -1.69967, 6.67008, 0.789916 
1.92, 7.25628, -1.68977, 6.76175, 1.18638 
1.93, 7.32431, -1.67602, 6.84166, 1.55752 
1.94, 7.39307, -1.65872, 6.90657, 1.89832 
1.95, 7.46239, -1.63817, 6.95401, 2.20468 
1.96, 7.53208, -1.61475, 6.98241, 2.47366 
1.97, 7.60197, -1.58883, 6.99106, 2.70361 
1.98, 7.67184, -1.56081, 6.98008, 2.89411 
1.99, 7.74151, -1.53108, 6.95025, 3.04586 
2, 7.81079, -1.50001, 6.90289, 3.1605 
2.01, 7.87951, -1.46798, 6.83967, 3.24036 
2.02, 7.94753, -1.43531, 6.76251, 3.28828 
2.03, 8.01472, -1.40231, 6.67343, 3.30741 
2.04, 8.08097, -1.36925, 6.57447, 3.301 
2.05, 8.14618, -1.33637, 6.4676, 3.27232 
2.06, 8.2103, -1.30387, 6.35469, 3.22455 
2.07, 8.27326, -1.27193, 6.23749, 3.1607 
2.08, 8.33504, -1.2407, 6.11757, 3.08356 
2.09, 8.39561, -1.21029, 5.99635, 2.99571 
2.1, 8.45497, -1.18081, 5.8751, 2.89945 
2.11, 8.51312, -1.15233, 5.75494, 2.79685 
2.12, 8.57007, -1.12489, 5.63682, 2.6897 
2.13, 8.62586, -1.09854, 5.52157, 2.57958 
2.14, 8.68052, -1.0733, 5.40989, 2.46784 
2.15, 8.73407, -1.04919, 5.30236, 2.35558 
2.16, 8.78658, -1.02619, 5.19945, 2.24374 
2.17, 8.83808, -1.00431, 5.10154, 2.13306 
2.18, 8.88863, -0.983523, 5.00891, 2.02412 
2.19, 8.93828, -0.963818, 4.92179, 1.91733 
2.2, 8.98708, -0.945168, 4.84031, 1.81298 
2.21, 9.0351, -0.927549, 4.76455, 1.71126 
2.22, 9.08239, -0.910934, 4.69457, 1.61222 
2.23, 9.12901, -0.895296, 4.63034, 1.51584 
2.24, 9.17502, -0.880609, 4.57183, 1.42201 
2.25, 9.22047, -0.866848, 4.51898, 1.33059 
2.26, 9.26542, -0.85399, 4.47169, 1.24133 
2.27, 9.30992, -0.842015, 4.42986, 1.15398 
2.28, 9.35403, -0.830905, 4.3934, 1.06823 
2.29, 9.39781, -0.820646, 4.36217, 0.983745 
2.3, 9.44129, -0.811227, 4.33608, 0.900159 
2.31, 9.48454, -0.802641, 4.31502, 0.817094 
2.32, 9.52761, -0.794885, 4.29888, 0.734151 
2.33, 9.57054, -0.787959, 4.28759, 0.65092 
2.34, 9.61338, -0.781869, 4.28109, 0.566977 
2.35, 9.65617, -0.776623, 4.27932, 0.481885 
2.36, 9.69898, -0.772236, 4.28226, 0.395197 
2.37, 9.74184, -0.768726, 4.28993, 0.306453 
2.38, 9.78479, -0.766116, 4.30235, 0.215177 
2.39, 9.8279, -0.764433, 4.31962, 0.120872 
2.4, 9.8712, -0.76371, 4.34183, 0.0230188 
2.41, 9.91475, -0.763986, 4.36917, -0.0789326 
2.42, 9.9586, -0.765304, 4.40185, -0.185571 
2.43, 10.0028, -0.767715, 4.44014, -0.297532 
2.44, 10.0474, -0.771275, 4.48441, -0.415514 
2.45, 10.0925, -0.776048, 4.53509, -0.540288 
2.46, 10.1382, -0.782106, 4.59272, -0.672723 
2.47, 10.1844, -0.789531, 4.65796, -0.8138 
2.48, 10.2313, -0.798415, 4.73159, -0.96465 
2.49, 10.2791, -0.808861, 4.81458, -1.12658 
2.5, 10.3277, -0.820988, 4.9081, -1.30112 
2.51, 10.3773, -0.834931, 5.01353, -1.49006 
2.52, 10.428, -0.850845, 5.13258, -1.69553 
2.53, 10.48, -0.868905, 5.26727, -1.92003 
2.54, 10.5334, -0.889318, 5.42004, -2.16653 
2.55, 10.5884, -0.912321, 5.59377, -2.43846 
2.56, 10.6453, -0.938185, 5.79177, -2.73967 
2.57, 10.7044, -0.967225, 6.01771, -3.07427 
2.58, 10.7658, -0.999794, 6.27518, -3.44593 
2.59, 10.83, -1.03627, 6.56682, -3.85654 
2.6, 10.8973, -1.07705, 6.89224, -4.30318 
2.61, 10.9679, -1.12242, 7.24427, -4.77258 
2.62, 11.0422, -1.17247, 7.6029, -5.23259 
2.63, 11.1199, -1.22684, 7.92962, -5.62412 
2.64, 11.2005, -1.28445, 8.17023, -5.86553 
2.65, 11.2828, -1.3434, 8.27639, -5.8839 
2.66, 11.3655, -1.40131, 8.23688, -5.66008 
2.67, 11.4472, -1.45595, 8.08549, -5.24043 
2.68, 11.527, -1.50572, 7.87595, -4.70119 
2.69, 11.6047, -1.54979, 7.65387, -4.10821 
2.7, 11.6801, -1.58785, 7.44679, -3.50228 
2.71, 11.7537, -1.61986, 7.26719, -2.90296 
2.72, 11.8256, -1.64595, 7.11836, -2.31699 
2.73, 11.8962, -1.66625, 6.99895, -1.7446 
2.74, 11.9657, -1.68088, 6.90549, -1.18338 
2.75, 12.0343, -1.68994, 6.8337, -0.630173 
2.76, 12.1024, -1.6935, 6.77909, -0.0820851 
2.77, 12.17, -1.69159, 6.73708, 0.463101 
2.78, 12.2372, -1.68424, 6.70316, 1.00674 
2.79, 12.304, -1.67146, 6.67284, 1.54928 
2.8, 12.3706, -1.65326, 6.64164, 2.09023 
2.81, 12.4369, -1.62967, 6.60509, 2.6283 
2.82, 12.5027, -1.60071, 6.55878, 3.1614 
2.83, 12.568, -1.56646, 6.49838, 3.68684 
2.84, 12.6326, -1.52701, 6.41978, 4.20143 
2.85, 12.6963, -1.48248, 6.3191, 4.70174 
2.86, 12.7589, -1.43304, 6.19288, 5.18424 
2.87, 12.8201, -1.37887, 6.03816, 5.64557 
2.88, 12.8795, -1.32021, 5.85261, 6.08277 
2.89, 12.937, -1.2573, 5.63455, 6.49348 
2.9, 12.9921, -1.19043, 5.38306, 6.87616 
2.91, 13.0446, -1.11987, 5.09796, 7.23024 
2.92, 13.094, -1.04592, 4.77974, 7.55625 
2.93, 13.14, -0.968838, 4.42951, 7.85589 
2.94, 13.1825, -0.88888, 4.0488, 8.13208 
2.95, 13.2209, -0.806261, 3.6394, 8.38895 
2.96, 13.2552, -0.721148, 3.20313, 8.63185 
2.97, 13.2849, -0.633649, 2.74158, 8.8673 
2.98, 13.3099, -0.543801, 2.25587, 9.10304 
2.99, 13.3299, -0.451557, 1.74639, 9.34806 
3, 13.3448, -0.356774, 1.21257, 9.61267 
3.01, 13.3541, -0.2592, 0.652792, 9.90855 
3.02, 13.3577, -0.158456, 0.0644669, 10.2486 
3.03, 13.3553, -0.0540349, -0.555207, 10.6463 
3.04, 13.3465, 0.0547013, -1.20713, 11.113 
3.05, 13.3311, 0.168467, -1.88504, 11.6514 
3.06, 13.3088, 0.287905, -2.56424, 12.2406 
3.07, 13.28, 0.413229, -3.18355, 12.8118 
3.08, 13.2457, 0.543635, -3.63365, 13.23 
3.09, 13.2083, 0.676783, -3.79285, 13.3393 
3.1, 13.171, 0.809185, -3.6203, 13.0859 
3.11, 13.1367, 0.937627, -3.19715, 12.5732 
3.12, 13.1074, 1.06033, -2.65063, 11.9615 
3.13, 13.0838, 1.17691, -2.07467, 11.3643 
3.14, 13.0659, 1.28783, -1.51596, 10.8323 
3.15, 13.0534, 1.39382, -0.991078, 10.3779 
3.16, 13.0459, 1.49563, -0.50252, 9.99647 
3.17, 13.0432, 1.59396, -0.0474883, 9.67795 
3.18, 13.0449, 1.68937, 0.378142, 9.41141 
3.19, 13.0507, 1.78233, 0.778282, 9.18693 
3.2, 13.0604, 1.87322, 1.15612, 8.99595 
3.21, 13.0737, 1.96233, 1.51404, 8.83121 
3.22, 13.0906, 2.04991, 1.85367, 8.68663 
3.23, 13.1108, 2.13612, 2.17603, 8.55704 
3.24, 13.1341, 2.22108, 2.48164, 8.43808 
3.25, 13.1603, 2.3049, 2.77063, 8.32606 
3.26, 13.1894, 2.38762, 3.04288, 8.21785 
3.27, 13.2211, 2.46926, 3.29807, 8.11084 
3.28, 13.2553, 2.54983, 3.53582, 8.00287 
3.29, 13.2918, 2.62931, 3.75572, 7.89224 
3.3, 13.3304, 2.70766, 3.95742, 7.77761 
3.31, 13.3709, 2.78485, 4.14066, 7.65804 
3.32, 13.4131, 2.86081, 4.30532, 7.53294 
3.33, 13.4569, 2.93548, 4.45144, 7.40201 
3.34, 13.5021, 3.00883, 4.57923, 7.26526 
3.35, 13.5484, 3.08077, 4.68907, 7.12291 
3.36, 13.5958, 3.15127, 4.78151, 6.97541 
3.37, 13.644, 3.22026, 4.85725, 6.82338 
3.38, 13.6929, 3.28772, 4.91712, 6.66753 
3.39, 13.7423, 3.35361, 4.96206, 6.50869 
3.4, 13.7921, 3.41789, 4.99308, 6.34772 
3.41, 13.8421, 3.48056, 5.01126, 6.18552 
3.42, 13.8923, 3.5416, 5.01771, 6.02297 
3.43, 13.9424, 3.60102, 5.01356, 5.86094 
3.44, 13.9925, 3.65882, 4.99992, 5.70025 
3.45, 14.0424, 3.71503, 4.97789, 5.54165 
3.46, 14.0921, 3.76966, 4.94854, 5.38586 
3.47, 14.1414, 3.82276, 4.91288, 5.23348 
3.48, 14.1903, 3.87435, 4.87189, 5.08508 
3.49, 14.2388, 3.92447, 4.82647, 4.94114 
3.5, 14.2868, 3.97319, 4.77746, 4.80205 
3.51, 14.3343, 4.02053, 4.72567, 4.66815 
3.52, 14.3813, 4.06657, 4.67181, 4.53969 
3.53, 14.4278, 4.11134, 4.61654, 4.41687 
3.54, 14.4736, 4.15492, 4.56048, 4.29983 
3.55, 14.519, 4.19736, 4.50416, 4.18863 
3.56, 14.5637, 4.23872, 4.44808, 4.0833 
3.57, 14.6079, 4.27905, 4.39268, 3.98382 
3.58, 14.6516, 4.31841, 4.33835, 3.89013 
3.59, 14.6947, 4.35687, 4.28545, 3.80211 
3.6, 14.7373, 4.39447, 4.23427, 3.71964 
3.61, 14.7794, 4.43128, 4.18509, 3.64255 
3.62, 14.821, 4.46734, 4.13815, 3.57065 
3.63, 14.8622, 4.50271, 4.09365, 3.50371 
3.64, 14.9029, 4.53743, 4.05176, 3.44151 
3.65, 14.9432, 4.57155, 4.01265, 3.38379 
3.66, 14.9832, 4.60512, 3.97643, 3.33029 
3.67, 15.0228, 4.63817, 3.94321, 3.28071 
3.68, 15.062, 4.67075, 3.91308, 3.23478 
3.69, 15.101, 4.70288, 3.88611, 3.19218 
3.7, 15.1398, 4.7346, 3.86236, 3.1526 
3.71, 15.1783, 4.76594, 3.84186, 3.11573 
3.72, 15.2166, 4.79692, 3.82464, 3.08124 
3.73, 15.2548, 4.82757, 3.81072, 3.04879 
3.74, 15.2928, 4.8579, 3.8001, 3.01804 
3.75, 15.3308, 4.88794, 3.79278, 2.98865 
3.76, 15.3687, 4.91768, 3.78873, 2.96027 
3.77, 15.4066, 4.94714, 3.78793, 2.93254 
3.78, 15.4445, 4.97633, 3.79035, 2.9051 
3.79, 15.4824, 5.00525, 3.79594, 2.87758 
3.8, 15.5204, 5.03388, 3.80465, 2.8496 
3.81, 15.5585, 5.06224, 3.81643, 2.8208 
3.82, 15.5967, 5.09029, 3.83122, 2.79078 
3.83, 15.6351, 5.11805, 3.84894, 2.75917 
3.84, 15.6737, 5.14547, 3.86951, 2.72556 
3.85, 15.7125, 5.17255, 3.89287, 2.68957 
3.86, 15.7516, 5.19925, 3.91892, 2.6508 
3.87, 15.7909, 5.22555, 3.94759, 2.60884 
3.88, 15.8306, 5.25142, 3.9788, 2.5633 
3.89, 15.8705, 5.27681, 4.01245, 2.51377 
3.9, 15.9108, 5.30168, 4.04848, 2.45986 
3.91, 15.9515, 5.32599, 4.0868, 2.40115 
3.92, 15.9926, 5.34968, 4.12737, 2.33725 
3.93, 16.034, 5.37271, 4.17012, 2.26776 
3.94, 16.076, 5.39502, 4.21503, 2.19229 
3.95, 16.1183, 5.41654, 4.26209, 2.11044 
3.96, 16.1612, 5.43721, 4.31129, 2.02182 
3.97, 16.2046, 5.45695, 4.36269, 1.92605 
3.98, 16.2485, 5.4757, 4.41635, 1.82273 
3.99, 16.2929, 5.49338, 4.4724, 1.71147 
4, 16.3379, 5.5099, 4.53101, 1.59187 
4.01, 16.3835, 5.52519, 4.5924, 1.46352 
4.02, 16.4298, 5.53914, 4.65686, 1.32596 
4.03, 16.4767, 5.55167, 4.72476, 1.17874 
4.04, 16.5243, 5.56268, 4.79656, 1.02132 
4.05, 16.5726, 5.57207, 4.87282, 0.853121 
4.06, 16.6218, 5.57971, 4.95424, 0.673465 
4.07, 16.6717, 5.58549, 5.04164, 0.481561 
4.08, 16.7226, 5.5893, 5.13602, 0.27647 
4.09, 16.7745, 5.59098, 5.23859, 0.057063 
4.1, 16.8274, 5.59038, 5.35077, -0.178024 
4.11, 16.8815, 5.58736, 5.47429, -0.43045 
4.12, 16.937, 5.58171, 5.61121, -0.702227 
4.13, 16.9938, 5.57324, 5.76398, -0.995788 
4.14, 17.0523, 5.56171, 5.9355, -1.31403 
4.15, 17.1126, 5.54687, 6.12912, -1.6603 
4.16, 17.175, 5.5284, 6.34865, -2.03829 
4.17, 17.2397, 5.50598, 6.59804, -2.45159 
4.18, 17.307, 5.47924, 6.8808, -2.90265 
4.19, 17.3774, 5.44781, 7.19843, -3.39055 
4.2, 17.4511, 5.41134, 7.54745, -3.90644 
4.21, 17.5284, 5.36966, 7.91403, -4.42597 
4.22, 17.6094, 5.32297, 8.26722, -4.89957 
4.23, 17.6936, 5.27208, 8.55616, -5.249 
4.24, 17.7801, 5.2187, 8.72326, -5.38676 
4.25, 17.8675, 5.16523, 8.736, -5.26251 
4.26, 17.9543, 5.11426, 8.61058, -4.89753 
4.27, 18.0394, 5.06784, 8.39848, -4.36578 
4.28, 18.1222, 5.02723, 8.15352, -3.74639 
4.29, 18.2025, 4.99301, 7.91246, -3.09526 
4.3, 18.2805, 4.96533, 7.69375, -2.44271 
4.31, 18.3565, 4.94412, 7.50359, -1.80174 
4.32, 18.4307, 4.92924, 7.34147, -1.17604 
4.33, 18.5034, 4.92055, 7.20378, -0.565141 
4.34, 18.5748, 4.9179, 7.0856, 0.032849 
4.35, 18.6451, 4.92117, 6.98161, 0.619844 
4.36, 18.7145, 4.93026, 6.88644, 1.19718 
4.37, 18.7829, 4.94508, 6.79488, 1.76538 
4.38, 18.8504, 4.96554, 6.70188, 2.32413 
4.39, 18.9169, 4.99153, 6.60261, 2.87231 
4.4, 18.9824, 5.02294, 6.49254, 3.40816 
4.41, 19.0467, 5.05965, 6.36744, 3.92944 
4.42, 19.1097, 5.10148, 6.2235, 4.4336 
4.43, 19.1711, 5.14825, 6.05739, 4.91807 
4.44, 19.2307, 5.19976, 5.86634, 5.38039 
4.45, 19.2883, 5.25578, 5.64819, 5.81853 
4.46, 19.3436, 5.31605, 5.40147, 6.23102 
4.47, 19.3963, 5.38031, 5.12539, 6.61716 
4.48, 19.446, 5.4483, 4.81977, 6.97717 
4.49, 19.4926, 5.51977, 4.48505, 7.31231 
4.5, 19.5356, 5.59448, 4.12207, 7.6249 
4.51, 19.5749, 5.67221, 3.73202, 7.91841 
4.52, 19.6102, 5.7528, 3.31618, 8.19744 
4.53, 19.6412, 5.83613, 2.87573, 8.46772 
4.54, 19.6676, 5.92214, 2.41156, 8.73613 
4.55, 19.6893, 6.01087, 1.92408, 9.0107 
4.56, 19.706, 6.10241, 1.41307, 9.30057 
4.57, 19.7175, 6.19696, 0.877712, 9.61588 
4.58, 19.7235, 6.29485, 0.316925, 9.9673 
4.59, 19.7237, 6.39646, -0.269593, 10.3648 
4.6, 19.718, 6.50232, -0.878811, 10.8143 
4.61, 19.7061, 6.61291, -1.49895, 11.311 
4.62, 19.6881, 6.7286, -2.09979, 11.8259 
4.63, 19.6644, 6.84926, -2.62089, 12.2895 
4.64, 19.6363, 6.97385, -2.97218, 12.5905 
4.65, 19.6058, 7.10017, -3.07136, 12.624 
4.66, 19.5757, 7.22536, -2.90545, 12.3723 
4.67, 19.5484, 7.34695, -2.54291, 11.9219 
4.68, 19.5252, 7.46353, -2.07866, 11.3908 
4.69, 19.5069, 7.57478, -1.5844, 10.8645 
4.7, 19.4935, 7.68098, -1.09887, 10.3845 
4.71, 19.4848, 7.78267, -0.638233, 9.96397 
4.72, 19.4806, 7.88046, -0.206915, 9.60163 
4.73, 19.4806, 7.97488, 0.195703, 9.29086 
4.74, 19.4844, 8.06642, 0.57199, 9.02361 
4.75, 19.4919, 8.15547, 0.924598, 8.79215 
4.76, 19.5029, 8.24236, 1.25589, 8.5896 
4.77, 19.517, 8.32734, 1.56775, 8.41005 
4.78, 19.5342, 8.41062, 1.8616, 8.24847 
4.79, 19.5542, 8.49235, 2.13842, 8.10064 
4.8, 19.5769, 8.57267, 2.39885, 7.96301 
4.81, 19.6021, 8.65164, 2.64329, 7.83262 
4.82, 19.6297, 8.72933, 2.87191, 7.70698 
4.83, 19.6595, 8.80579, 3.08479, 7.58406 
4.84, 19.6913, 8.88102, 3.28194, 7.46223 
4.85, 19.7251, 8.95503, 3.46335, 7.34018 
4.86, 19.7605, 9.02782, 3.62904, 7.21694 
4.87, 19.7976, 9.09936, 3.77908, 7.09181 
4.88, 19.8361, 9.16965, 3.91362, 6.96437 
4.89, 19.8758, 9.23864, 4.03291, 6.8344 
4.9, 19.9167, 9.30633, 4.1373, 6.70188 
4.91, 19.9585, 9.37267, 4.22722, 6.56698 
4.92, 20.0012, 9.43766, 4.30323, 6.43 
4.93, 20.0445, 9.50127, 4.36595, 6.29133 
4.94, 20.0885, 9.56348, 4.41608, 6.15148 
4.95, 20.1328, 9.62429, 4.45439, 6.011 
4.96, 20.1775, 9.6837, 4.48171, 5.87047 
4.97, 20.2224, 9.74171, 4.49887, 5.7305 
4.98, 20.2675, 9.79831, 4.50676, 5.59168 
4.99, 20.3125, 9.85354, 4.50623, 5.45462 
5, 20.3576, 9.90741, 4.49817, 5.31985 
5.01, 20.4025, 9.95995, 4.48342, 5.18791 
5.02, 20.4472, 10.0112, 4.46281, 5.05926 
5.03, 20.4917, 10.0611, 4.43713, 4.93432 
5.04, 20.5359, 10.1099, 4.40716, 4.81348 
5.05, 20.5798, 10.1574, 4.3736, 4.69703 
5.06, 20.6234, 10.2038, 4.33713, 4.58526 
5.07, 20.6666, 10.2492, 4.29838, 4.47836 
5.08, 20.7094, 10.2934, 4.25794, 4.3765 
5.09, 20.7517, 10.3367, 4.21635, 4.27978 
5.1, 20.7937, 10.379, 4.17411, 4.18828 
5.11, 20.8352, 10.4205, 4.13167, 4.10201 
5.12, 20.8763, 10.4611, 4.08944, 4.02096 
5.13, 20.917, 10.5009, 4.04782, 3.94507 
5.14, 20.9573, 10.54, 4.00713, 3.87427 
5.15, 20.9971, 10.5784, 3.96769, 3.80845 
5.16, 21.0366, 10.6162, 3.92976, 3.74745 
5.17, 21.0757, 10.6534, 3.89361, 3.69113 
5.18, 21.1145, 10.69, 3.85944, 3.6393 
5.19, 21.1529, 10.7262, 3.82746, 3.59175 
5.2, 21.1911, 10.7619, 3.79783, 3.54828 
5.21, 21.2289, 10.7972, 3.77071, 3.50864 
5.22, 21.2665, 10.8321, 3.74624, 3.4726 
5.23, 21.3038, 10.8666, 3.72452, 3.4399 
5.24, 21.341, 10.9009, 3.70565, 3.41026 
5.25, 21.378, 10.9348, 3.68973, 3.38342 
5.26, 21.4148, 10.9686, 3.67681, 3.35908 
5.27, 21.4515, 11.002, 3.66695, 3.33694 
5.28, 21.4881, 11.0353, 3.66019, 3.31672 
5.29, 21.5247, 11.0684, 3.65657, 3.29808 
5.3, 21.5613, 11.1013, 3.65609, 3.28071 
5.31, 21.5979, 11.134, 3.65877, 3.26429 
5.32, 21.6345, 11.1666, 3.6646, 3.24847 
5.33, 21.6712, 11.199, 3.67356, 3.23291 
5.34, 21.708, 11.2312, 3.68562, 3.21725 
5.35, 21.7449, 11.2633, 3.70076, 3.20113 
5.36, 21.782, 11.2952, 3.71891, 3.18419 
5.37, 21.8193, 11.327, 3.74002, 3.16604 
5.38, 21.8568, 11.3585, 3.76403, 3.14629 
5.39, 21.8946, 11.3899, 3.79085, 3.12455 
5.4, 21.9326, 11.421, 3.82039, 3.10042 
5.41, 21.971, 11.4519, 3.85257, 3.07348 
5.42, 22.0097, 11.4825, 3.88728, 3.04331 
5.43, 22.0487, 11.5128, 3.92441, 3.00951 
5.44, 22.0882, 11.5427, 3.96384, 2.97163 
5.45, 22.128, 11.5722, 4.00546, 2.92926 
5.46, 22.1683, 11.6012, 4.04915, 2.88196 
5.47, 22.209, 11.6298, 4.0948, 2.82929 
5.48, 22.2502, 11.6578, 4.14229, 2.77085 
5.49, 22.2919, 11.6852, 4.19152, 2.70619 
5.5, 22.334, 11.7119, 4.2424, 2.63491 
5.51, 22.3767, 11.7379, 4.29484, 2.55659 
5.52, 22.4199, 11.763, 4.34879, 2.47083 
5.53, 22.4637, 11.7873, 4.40422, 2.37724 
5.54, 22.508, 11.8105, 4.46113, 2.27545 
5.55, 22.5529, 11.8327, 4.51955, 2.16508 
5.56, 22.5984, 11.8538, 4.57957, 2.04577 
5.57, 22.6445, 11.8736, 4.64133, 1.91715 
5.58, 22.6912, 11.8921, 4.70503, 1.77887 
5.59, 22.7386, 11.9092, 4.77092, 1.63056 
5.6, 22.7867, 11.9247, 4.83938, 1.47183 
5.61, 22.8354, 11.9386, 4.91084, 1.30224 
5.62, 22.8849, 11.9507, 4.98585, 1.12134 
5.63, 22.9352, 11.961, 5.06511, 0.92856 
5.64, 22.9862, 11.9692, 5.14943, 0.723258 
5.65, 23.0382, 11.9754, 5.23981, 0.504645 
5.66, 23.091, 11.9793, 5.33745, 0.27175 
5.67, 23.1449, 11.9808, 5.44379, 0.0233721 
5.68, 23.2, 11.9797, 5.56053, -0.241983 
5.69, 23.2562, 11.9759, 5.68974, -0.526177 
5.7, 23.3138, 11.9691, 5.83387, -0.831519 
5.71, 23.3729, 11.9591, 5.99587, -1.16085 
5.72, 23.4338, 11.9458, 6.17921, -1.5176 
5.73, 23.4966, 11.9287, 6.38795, -1.90579 
5.74, 23.5616, 11.9075, 6.62664, -2.32983 
5.75, 23.6292, 11.882, 6.89997, -2.79393 
5.76, 23.6998, 11.8515, 7.21175, -3.30055 
5.77, 23.7736, 11.8158, 7.56269, -3.84699 
5.78, 23.8511, 11.7745, 7.94573, -4.41861 
5.79, 23.9326, 11.7275, 8.3383, -4.97779 
5.8, 24.0178, 11.6752, 8.69411, -5.45242 
5.81, 24.1061, 11.6191, 8.94576, -5.74022 
5.82, 24.1961, 11.5613, 9.03358, -5.75099 
5.83, 24.2862, 11.505, 8.94785, -5.46782 
5.84, 24.3747, 11.4528, 8.73606, -4.95803 
5.85, 24.4607, 11.4063, 8.46574, -4.3199 
5.86, 24.544, 11.3665, 8.18923, -3.63159 
5.87, 24.6246, 11.3337, 7.93488, -2.93775 
5.88, 24.7028, 11.3077, 7.71337, -2.25807 
5.89, 24.7789, 11.2884, 7.52562, -1.59842 
5.9, 24.8534, 11.2757, 7.368, -0.958433 
5.91, 24.9264, 11.2692, 7.23513, -0.335534 
5.92, 24.9982, 11.2689, 7.12107, 0.273067 
5.93, 25.0689, 11.2746, 7.0199, 0.869538 
5.94, 25.1386, 11.2863, 6.9259, 1.4551 
5.95, 25.2074, 11.3037, 6.83359, 2.02997 
5.96, 25.2752, 11.3268, 6.73776, 2.59343 
5.97, 25.3421, 11.3555, 6.63351, 3.14395 
5.98, 25.4079, 11.3897, 6.51628, 3.67937 
5.99, 25.4724, 11.4291, 6.38193, 4.19715 
6, 25.5354, 11.4735, 6.22679, 4.69452 
6.01, 25.5968, 11.5229, 6.04778, 5.16882 
6.02, 25.6563, 11.5768, 5.84246, 5.61763 
6.03, 25.7136, 11.6351, 5.60907, 6.0391 
6.04, 25.7684, 11.6975, 5.34659, 6.43204 
6.05, 25.8204, 11.7637, 5.05472, 6.79616 
6.06, 25.8694, 11.8333, 4.73378, 7.13216 
6.07, 25.915, 11.9062, 4.38466, 7.44177 
6.08, 25.957, 11.9821, 4.00865, 7.72785 
6.09, 25.9951, 12.0607, 3.6073, 7.99433 
6.1, 26.0291, 12.1419, 3.18216, 8.24623 
6.11, 26.0587, 12.2256, 2.73461, 8.4896 
6.12, 26.0837, 12.3117, 2.26566, 8.73157 
6.13, 26.1039, 12.4003, 1.77571, 8.9803 
6.14, 26.1191, 12.4914, 1.26445, 9.24497 
6.15, 26.1291, 12.5853, 0.730863, 9.53577 
6.16, 26.1337, 12.6822, 0.17344, 9.86346 
6.17, 26.1325, 12.7827, -0.408867, 10.2384 
6.18, 26.1254, 12.8872, -1.01443, 10.6676 
6.19, 26.1122, 12.9962, -1.63403, 11.1488 
6.2, 26.0928, 13.1102, -2.24175, 11.6578 
6.21, 26.0675, 13.2293, -2.78266, 12.1316 
6.22, 26.0376, 13.3524, -3.16956, 12.4625 
6.23, 26.005, 13.4776, -3.31428, 12.5374 
6.24, 25.9722, 13.6022, -3.19075, 12.3216 
6.25, 25.9419, 13.7234, -2.8588, 11.891 
6.26, 25.9154, 13.8397, -2.41429, 11.3656 
6.27, 25.8937, 13.9507, -1.93363, 10.838 
6.28, 25.8767, 14.0566, -1.45929, 10.3556 
6.29, 25.8644, 14.158, -1.00921, 9.93425 
6.3, 25.8565, 14.2555, -0.588376, 9.57406 
6.31, 25.8526, 14.3497, -0.196075, 9.26886 
6.32, 25.8525, 14.441, 0.170401, 9.01079 
6.33, 25.8559, 14.53, 0.514135, 8.79218 
6.34, 25.8627, 14.617, 0.837931, 8.60619 
6.35, 25.8726, 14.7022, 1.14411, 8.44696 
6.36, 25.8855, 14.786, 1.43448, 8.30953 
6.37, 25.9012, 14.8685, 1.71039, 8.1897 
6.38, 25.9197, 14.9498, 1.9728, 8.08393 
6.39, 25.9406, 15.0302, 2.22233, 7.98923 
6.4, 25.9641, 15.1096, 2.45938, 7.90306 
6.41, 25.9898, 15.1883, 2.68416, 7.82325 
6.42, 26.0177, 15.2661, 2.89673, 7.748 
6.43, 26.0477, 15.3432, 3.09709, 7.6758 
6.44, 26.0796, 15.4196, 3.28519, 7.60538 
6.45, 26.1133, 15.4953, 3.46098, 7.53575 
6.46, 26.1488, 15.5703, 3.62443, 7.46612 
6.47, 26.1858, 15.6447, 3.77556, 7.39591 
6.48, 26.2243, 15.7183, 3.91445, 7.32473 
6.49, 26.264, 15.7911, 4.04128, 7.25235 
6.5, 26.305, 15.8633, 4.15628, 7.17867 
6.51, 26.3471, 15.9347, 4.25979, 7.10375 
6.52, 26.3902, 16.0054, 4.35221, 7.02772 
6.53, 26.4341, 16.0753, 4.43404, 6.95081 
6.54, 26.4788, 16.1444, 4.50583, 6.87333 
6.55, 26.5242, 16.2127, 4.56819, 6.79561 
6.56, 26.5702, 16.2803, 4.62178, 6.71802 
6.57, 26.6166, 16.3471, 4.6673, 6.64094 
6.58, 26.6635, 16.4131, 4.70545, 6.56476 
6.59, 26.7107, 16.4784, 4.73696, 6.48985 
6.6, 26.7582, 16.5429, 4.76257, 6.41655 
6.61, 26.806, 16.6067, 4.783, 6.34519 
6.62, 26.8539, 16.6698, 4.79894, 6.27604 
6.63, 26.9019, 16.7323, 4.81108, 6.20934 
6.64, 26.9501, 16.794, 4.82008, 6.1453 
6.65, 26.9983, 16.8552, 4.82657, 6.08405 
6.66, 27.0466, 16.9157, 4.83113, 6.02572 
6.67, 27.0949, 16.9757, 4.83432, 5.97035 
6.68, 27.1433, 17.0351, 4.83665, 5.91796 
6.69, 27.1917, 17.0941, 4.8386, 5.86852 
6.7, 27.2401, 17.1525, 4.8406, 5.82197 
6.71, 27.2885, 17.2105, 4.84306, 5.77819 
6.72, 27.3369, 17.2681, 4.84633, 5.73704 
6.73, 27.3854, 17.3253, 4.85074, 5.69832 
6.74, 27.4339, 17.3821, 4.85656, 5.66183 
6.75, 27.4825, 17.4385, 4.86405, 5.6273 
6.76, 27.5312, 17.4946, 4.87342, 5.59446 
6.77, 27.58, 17.5504, 4.88485, 5.56299 
6.78, 27.6289, 17.6059, 4.89849, 5.53256 
6.79, 27.678, 17.6611, 4.91445, 5.5028 
6.8, 27.7272, 17.7159, 4.93281, 5.47331 
6.81, 27.7767, 17.7705, 4.95364, 5.44369 
6.82, 27.8263, 17.8248, 4.97696, 5.41349 
6.83, 27.8762, 17.8788, 5.00276, 5.38224 
6.84, 27.9264, 17.9325, 5.03101, 5.34946 
6.85, 27.9768, 17.9858, 5.06166, 5.31464 
6.86, 28.0276, 18.0387, 5.09461, 5.27724 
6.87, 28.0787, 18.0913, 5.12974, 5.2367 
6.88, 28.1302, 18.1435, 5.16692, 5.19244 
6.89, 28.1821, 18.1951, 5.20597, 5.14384 
6.9, 28.2343, 18.2463, 5.24668, 5.09027 
6.91, 28.287, 18.2969, 5.28881, 5.03108 
6.92, 28.3401, 18.3469, 5.33211, 4.96558 
6.93, 28.3937, 18.3962, 5.37628, 4.89306 
6.94, 28.4477, 18.4448, 5.421, 4.81281 
6.95, 28.5021, 18.4924, 5.46592, 4.72408 
6.96, 28.557, 18.5392, 5.51066, 4.62612 
6.97, 28.6123, 18.5849, 5.55483, 4.51818 
6.98, 28.6681, 18.6295, 5.59803, 4.39952 
6.99, 28.7243, 18.6729, 5.63985, 4.2694 
7, 28.7809, 18.7149, 5.67989, 4.12716 
7.01, 28.8378, 18.7554, 5.71777, 3.97215 
7.02, 28.8952, 18.7943, 5.75315, 3.80381 
7.03, 28.9529, 18.8314, 5.78574, 3.62167 
7.04, 29.0109, 18.8667, 5.81534, 3.42539 
7.05, 29.0692, 18.8999, 5.84183, 3.21475 
7.06, 29.1277, 18.9309, 5.86522, 2.98968 
7.07, 29.1865, 18.9596, 5.88568, 2.75027 
7.08, 29.2454, 18.9859, 5.9035, 2.49675 
7.09, 29.3046, 19.0095, 5.91919, 2.22952 
7.1, 29.3638, 19.0304, 5.93341, 1.94909 
7.11, 29.4232, 19.0485, 5.94702, 1.65606 
7.12, 29.4828, 19.0635, 5.9611, 1.35106 
7.13, 29.5424, 19.0754, 5.97689, 1.03473 
7.14, 29.6023, 19.0842, 5.99585, 0.707576 
7.15, 29.6624, 19.0896, 6.01962, 0.369959 
7.16, 29.7227, 19.0915, 6.05004, 0.0219669 
7.17, 29.7834, 19.09, 6.0892, -0.336676 
7.18, 29.8445, 19.0847, 6.13942, -0.70672 
7.19, 29.9062, 19.0758, 6.20333, -1.08951 
7.2, 29.9687, 19.0629, 6.28399, -1.48715 
7.21, 30.032, 19.046, 6.38494, -1.90265 
7.22, 30.0964, 19.0248, 6.51046, -2.34021 
7.23, 30.1623, 18.9991, 6.66573, -2.80548 
7.24, 30.2299, 18.9686, 6.85719, -3.30591 
7.25, 30.2996, 18.9328, 7.09286, -3.85123 
7.26, 30.3719, 18.8913, 7.38271, -4.45371 
7.27, 30.4475, 18.8435, 7.7386, -5.12808 
7.28, 30.527, 18.7885, 8.17316, -5.88951 
7.29, 30.6112, 18.7254, 8.69476, -6.74637 
7.3, 30.7011, 18.6533, 9.29319, -7.67959 
7.31, 30.7971, 18.5718, 9.90747, -8.59718 
7.32, 30.8988, 18.4821, 10.3872, -9.28006 
7.33, 31.0038, 18.388, 10.5329, -9.44039 
7.34, 31.1081, 18.2954, 10.28, -8.98384 
7.35, 31.2085, 18.2097, 9.77869, -8.12261 
7.36, 31.3035, 18.1334, 9.22105, -7.13131 
7.37, 31.3931, 18.067, 8.71457, -6.16581 
7.38, 31.4781, 18.0098, 8.29291, -5.27741 
7.39, 31.5593, 17.9611, 7.95595, -4.46898 
7.4, 31.6375, 17.9202, 7.69288, -3.7277 
7.41, 31.7133, 17.8864, 7.49131, -3.03826 
7.42, 31.7874, 17.8593, 7.34001, -2.38706 
7.43, 31.8603, 17.8386, 7.22947, -1.76327 
7.44, 31.9321, 17.824, 7.15168, -1.15876 
7.45, 32.0034, 17.8154, 7.09975, -0.567758 
7.46, 32.0742, 17.8126, 7.06756, 0.0134425 
7.47, 32.1448, 17.8156, 7.04956, 0.586806 
7.48, 32.2152, 17.8243, 7.04054, 1.15279 
7.49, 32.2856, 17.8386, 7.03554, 1.71059 
7.5, 32.3559, 17.8585, 7.02984, 2.25832 
7.51, 32.4262, 17.8838, 7.01894, 2.7933 
7.52, 32.4963, 17.9143, 6.99859, 3.31224 
7.53, 32.5661, 17.9499, 6.96493, 3.81152 
7.54, 32.6355, 17.9905, 6.9145, 4.28739 
7.55, 32.7043, 18.0356, 6.84435, 4.73621 
7.56, 32.7723, 18.0851, 6.75207, 5.15461 
7.57, 32.8393, 18.1386, 6.6359, 5.5397 
7.58, 32.905, 18.1958, 6.49466, 5.88912 
7.59, 32.9691, 18.2562, 6.32785, 6.20115 
7.6, 33.0314, 18.3196, 6.13555, 6.47475 
7.61, 33.0917, 18.3856, 5.91845, 6.70961 
7.62, 33.1497, 18.4537, 5.67779, 6.90609 
7.63, 33.2052, 18.5236, 5.41528, 7.06524 
7.64, 33.258, 18.5949, 5.13305, 7.18873 
7.65, 33.3078, 18.6673, 4.83357, 7.2788 
7.66, 33.3546, 18.7404, 4.51953, 7.33817 
7.67, 33.3982, 18.8139, 4.19376, 7.36997 
7.68, 33.4384, 18.8877, 3.85914, 7.37761 
7.69, 33.4753, 18.9614, 3.51844, 7.36469 
7.7, 33.5088, 19.0349, 3.17431, 7.33491 
7.71, 33.5388, 19.1081, 2.82911, 7.29197 
7.72, 33.5654, 19.1807, 2.48494, 7.23949 
7.73, 33.5885, 19.2528, 2.1435, 7.18097 
7.74, 33.6083, 19.3243, 1.80613, 7.11971 
7.75, 33.6247, 19.3952, 1.47378, 7.05886 
7.76, 33.6378, 19.4655, 1.14698, 7.00136 
7.77, 33.6476, 19.5353, 0.825886, 6.94999 
7.78, 33.6543, 19.6046, 0.510257, 6.90743 
7.79, 33.6578, 19.6735, 0.1995, 6.87626 
7.8, 33.6583, 19.7421, -0.107339, 6.85905 
7.81, 33.6557, 19.8107, -0.411552, 6.85843 
7.82, 33.6501, 19.8794, -0.714764, 6.87717 
7.83, 33.6414, 19.9483, -1.01891, 6.91818 
7.84, 33.6297, 20.0178, -1.32621, 6.98462 
7.85, 33.6149, 20.0881, -1.63907, 7.0798 
7.86, 33.5969, 20.1595, -1.95989, 7.20702 
7.87, 33.5756, 20.2324, -2.29064, 7.36909 
7.88, 33.551, 20.307, -2.63211, 7.56726 
7.89, 33.523, 20.3838, -2.98233, 7.79928 
7.9, 33.4914, 20.4631, -3.3342, 8.056 
7.91, 33.4563, 20.545, -3.67222, 8.3169 
7.92, 33.4181, 20.6293, -3.97013, 8.54661 
7.93, 33.3772, 20.7156, -4.19364, 8.69832 
7.94, 33.3345, 20.8029, -4.31228, 8.7297 
7.95, 33.2913, 20.8898, -4.31601, 8.6256 
7.96, 33.2486, 20.975, -4.22177, 8.40718 
7.97, 33.2071, 21.0577, -4.06298, 8.11778 
7.98, 33.1674, 21.1373, -3.87324, 7.8008 
7.99, 33.1296, 21.2137, -3.67699, 7.48723 
8, 33.0938, 21.2871, -3.48848, 7.19448 
8.01, 33.0598, 21.3577, -3.3145, 6.93014 
8.02, 33.0275, 21.4258, -3.15734, 6.69606 
8.03, 32.9966, 21.4917, -3.01691, 6.49116 
8.04, 32.9671, 21.5557, -2.89203, 6.31318 
8.05, 32.9387, 21.6181, -2.78109, 6.15948 
8.06, 32.9114, 21.679, -2.68244, 6.02749 
8.07, 32.8851, 21.7387, -2.59446, 5.91493 
8.08, 32.8595, 21.7973, -2.51572, 5.8198 
8.09, 32.8347, 21.8551, -2.44493, 5.74041 
8.1, 32.8106, 21.9122, -2.38098, 5.67538 
8.11, 32.7871, 21.9687, -2.32287, 5.62356 
8.12, 32.7641, 22.0247, -2.26975, 5.58402 
8.13, 32.7417, 22.0804, -2.22089, 5.55602 
8.14, 32.7197, 22.1359, -2.17565, 5.53895 
8.15, 32.6981, 22.1912, -2.13354, 5.5323 
8.16, 32.677, 22.2465, -2.09413, 5.53563 
8.17, 32.6563, 22.3019, -2.05716, 5.54851 
8.18, 32.6359, 22.3575, -2.02254, 5.57046 
8.19, 32.6158, 22.4134, -1.99035, 5.60088 
8.2, 32.596, 22.4696, -1.96096, 5.63896 
8.21, 32.5766, 22.5262, -1.93505, 5.68358 
8.22, 32.5573, 22.5833, -1.91373, 5.73319 
8.23, 32.5383, 22.6409, -1.89856, 5.7857 
8.24, 32.5193, 22.699, -1.89162, 5.83846 
8.25, 32.5004, 22.7576, -1.89541, 5.8883 
8.26, 32.4814, 22.8167, -1.91277, 5.93172 
8.27, 32.4621, 22.8762, -1.94646, 5.96532 
8.28, 32.4424, 22.936, -1.9988, 5.98641 
8.29, 32.422, 22.9959, -2.07116, 5.9936 
8.3, 32.4009, 23.0558, -2.1636, 5.98736 
8.31, 32.3787, 23.1156, -2.27476, 5.97018 
8.32, 32.3553, 23.1752, -2.40212, 5.94625 
8.33, 32.3306, 23.2345, -2.54249, 5.92088 
8.34, 32.3045, 23.2936, -2.69263, 5.89968 
8.35, 32.2767, 23.3526, -2.8498, 5.88796 
8.36, 32.2474, 23.4114, -3.01206, 5.89028 
8.37, 32.2165, 23.4704, -3.17844, 5.91038 
8.38, 32.1839, 23.5297, -3.34894, 5.95131 
8.39, 32.1495, 23.5895, -3.52441, 6.01562 
8.4, 32.1134, 23.6501, -3.70652, 6.10574 
8.41, 32.0753, 23.7117, -3.89762, 6.22427 
8.42, 32.0354, 23.7747, -4.10084, 6.37433 
8.43, 31.9933, 23.8393, -4.32008, 6.55995 
8.44, 31.9489, 23.906, -4.56029, 6.78647 
8.45, 31.902, 23.9752, -4.8277, 7.06109 
8.46, 31.8522, 24.0475, -5.13031, 7.39361 
8.47, 31.7992, 24.1233, -5.47854, 7.79736 
8.48, 31.7424, 24.2037, -5.88606, 8.29043 
8.49, 31.6812, 24.2895, -6.37059, 8.89693 
8.5, 31.6147, 24.3821, -6.95375, 9.64701 
8.51, 31.5418, 24.483, -7.65658, 10.571 
8.52, 31.4612, 24.5941, -8.4798, 11.6726 
8.53, 31.372, 24.7168, -9.34385, 12.8465 
8.54, 31.275, 24.8502, -9.98723, 13.7363 
8.55, 31.1743, 24.9888, -10.0338, 13.8254 
8.56, 31.0765, 25.1237, -9.43842, 13.0529 
8.57, 30.9865, 25.2486, -8.5564, 11.9095 
8.58, 30.9053, 25.362, -7.68497, 10.8028 
8.59, 30.8324, 25.4653, -6.92729, 9.87189 
8.6, 30.7664, 25.5601, -6.28983, 9.12371 
8.61, 30.7063, 25.6482, -5.7522, 8.5297 
8.62, 30.6511, 25.7311, -5.29164, 8.05918 
8.63, 30.6002, 25.8098, -4.88907, 7.68724 
8.64, 30.5532, 25.8851, -4.52959, 7.39527 
8.65, 30.5095, 25.9579, -4.20169, 7.16971 
8.66, 30.4691, 26.0287, -3.89643, 7.00075 
8.67, 30.4316, 26.0981, -3.60677, 6.88131 
8.68, 30.3969, 26.1665, -3.32713, 6.80619 
8.69, 30.365, 26.2343, -3.05313, 6.77141 
8.7, 30.3358, 26.302, -2.78146, 6.77369 
8.71, 30.3094, 26.3699, -2.50994, 6.8099 
8.72, 30.2856, 26.4383, -2.23762, 6.87649 
8.73, 30.2646, 26.5075, -1.96503, 6.96901 
8.74, 30.2463, 26.5778, -1.69445, 7.08157 
8.75, 30.2307, 26.6492, -1.43005, 7.20649 
8.76, 30.2177, 26.7219, -1.17796, 7.33418 
8.77, 30.2071, 26.7958, -0.945773, 7.45363 
8.78, 30.1987, 26.8709, -0.74179, 7.55335 
8.79, 30.1921, 26.9468, -0.573687, 7.62296 
8.8, 30.1871, 27.0232, -0.447119, 7.65483 
8.81, 30.183, 27.0998, -0.3646, 7.64549 
8.82, 30.1796, 27.176, -0.325072, 7.59599 
8.83, 30.1764, 27.2516, -0.324302, 7.51139 
8.84, 30.173, 27.3261, -0.355899, 7.39942 
8.85, 30.1692, 27.3995, -0.41256, 7.2689 
8.86, 30.1647, 27.4715, -0.487152, 7.12841 
8.87, 30.1594, 27.5421, -0.573443, 6.98539 
8.88, 30.1532, 27.6112, -0.666444, 6.84577 
8.89, 30.1461, 27.679, -0.762459, 6.71395 
8.9, 30.138, 27.7455, -0.858954, 6.59294 
8.91, 30.1289, 27.8109, -0.954355, 6.48471 
8.92, 30.1189, 27.8753, -1.04783, 6.39041 
8.93, 30.108, 27.9388, -1.1391, 6.31064 
8.94, 30.0961, 28.0015, -1.22828, 6.24569 
8.95, 30.0834, 28.0637, -1.31577, 6.19564 
8.96, 30.0698, 28.1255, -1.40216, 6.16051 
8.97, 30.0554, 28.187, -1.48821, 6.14035 
8.98, 30.04, 28.2484, -1.57476, 6.13529 
8.99, 30.0239, 28.3097, -1.66276, 6.14559 
9, 30.0068, 28.3713, -1.75327, 6.1717 
9.01, 29.9888, 28.4332, -1.84741, 6.2143 
9.02, 29.9698, 28.4957, -1.94643, 6.27429 
9.03, 29.9498, 28.5588, -2.05171, 6.35291 
9.04, 29.9288, 28.6228, -2.16473, 6.45169 
9.05, 29.9065, 28.6879, -2.28714, 6.57251 
9.06, 29.883, 28.7543, -2.42069, 6.71761 
9.07, 29.858, 28.8223, -2.56716, 6.88945 
9.08, 29.8316, 28.8922, -2.72817, 7.09056 
9.09, 29.8034, 28.9642, -2.9048, 7.32298 
9.1, 29.7734, 29.0388, -3.09674, 7.58732 
9.11, 29.7415, 29.1161, -3.30092, 7.88079 
9.12, 29.7074, 29.1965, -3.50911, 8.19412 
9.13, 29.6713, 29.28, -3.70485, 8.50727 
9.14, 29.6334, 29.3665, -3.86111, 8.78613 
9.15, 29.5943, 29.4554, -3.94263, 8.98544 
9.16, 29.5549, 29.5458, -3.91724, 9.06384 
9.17, 29.5164, 29.6362, -3.77251, 9.0063 
9.18, 29.4798, 29.7255, -3.52355, 8.83444 
9.19, 29.4462, 29.8127, -3.20326, 8.59319 
9.2, 29.4159, 29.8973, -2.84557, 8.32803 
9.21, 29.3893, 29.9793, -2.47519, 8.0714 
9.22, 29.3664, 30.0588, -2.10625, 7.8412 
9.23, 29.3471, 30.1362, -1.74503, 7.64477 
9.24, 29.3315, 30.2118, -1.39314, 7.48323 
9.25, 29.3193, 30.286, -1.04982, 7.3546 
9.26, 29.3104, 30.359, -0.713268, 7.25554 
9.27, 29.305, 30.4312, -0.381385, 7.1823 
9.28, 29.3028, 30.5028, -0.0521585, 7.13108 
9.29, 29.3039, 30.5739, 0.276164, 7.09823 
9.3, 29.3083, 30.6448, 0.604993, 7.08024 
9.31, 29.316, 30.7155, 0.935355, 7.07373 
9.32, 29.327, 30.7863, 1.26788, 7.07538 
9.33, 29.3414, 30.8571, 1.6028, 7.08189 
9.34, 29.3591, 30.9279, 1.93992, 7.08994 
9.35, 29.3802, 30.9988, 2.27867, 7.09613 
9.36, 29.4047, 31.0698, 2.61808, 7.09698 
9.37, 29.4326, 31.1408, 2.95679, 7.08894 
9.38, 29.4638, 31.2116, 3.29312, 7.06842 
9.39, 29.4984, 31.2821, 3.6251, 7.03182 
9.4, 29.5363, 31.3521, 3.9505, 6.97559 
9.41, 29.5774, 31.4215, 4.26696, 6.89632 
9.42, 29.6216, 31.49, 4.57204, 6.79085 
9.43, 29.6688, 31.5572, 4.86332, 6.65631 
9.44, 29.7188, 31.623, 5.13854, 6.49028 
9.45, 29.7715, 31.6869, 5.39566, 6.29082 
9.46, 29.8267, 31.7487, 5.63299, 6.0566 
9.47, 29.8841, 31.8079, 5.84925, 5.78692 
9.48, 29.9436, 31.8643, 6.04371, 5.48175 
9.49, 30.0049, 31.9175, 6.21617, 5.14172 
9.5, 30.0678, 31.967, 6.36706, 4.76812 
9.51, 30.1322, 32.0127, 6.49745, 4.36281 
9.52, 30.1977, 32.0542, 6.60903, 3.9281 
9.53, 30.2643, 32.0912, 6.70409, 3.46665 
9.54, 30.3317, 32.1234, 6.78551, 2.98126 
9.55, 30.4, 32.1507, 6.85668, 2.4747 
9.56, 30.4689, 32.1729, 6.92148, 1.94949 
9.57, 30.5384, 32.1897, 6.9842, 1.40763 
9.58, 30.6085, 32.201, 7.04958, 0.850407 
9.59, 30.6794, 32.2066, 7.12276, 0.278113 
9.6, 30.751, 32.2065, 7.20938, -0.310197 
9.61, 30.8237, 32.2004, 7.31569, -0.916984 
9.62, 30.8974, 32.1881, 7.44872, -1.54652 
9.63, 30.9727, 32.1693, 7.61655, -2.20516 
9.64, 31.0499, 32.1438, 7.82851, -2.90157 
9.65, 31.1295, 32.1111, 8.09519, -3.64652 
9.66, 31.212, 32.0707, 8.4277, -4.45155 
9.67, 31.2983, 32.0219, 8.83458, -5.32426 
9.68, 31.389, 31.964, 9.31303, -6.25551 
9.69, 31.4847, 31.8967, 9.82854, -7.19041 
9.7, 31.5854, 31.8207, 10.2835, -7.98418 
9.71, 31.6896, 31.7383, 10.5147, -8.40045 
9.72, 31.7945, 31.6546, 10.3986, -8.26215 
9.73, 31.8966, 31.5747, 9.98454, -7.64183 
9.74, 31.9937, 31.5025, 9.43766, -6.78004 
9.75, 32.0853, 31.4393, 8.89219, -5.87484 
9.76, 32.1718, 31.3848, 8.40882, -5.0196 
9.77, 32.2538, 31.3386, 8.0017, -4.24051 
9.78, 32.3321, 31.2998, 7.6658, -3.53536 
9.79, 32.4073, 31.2677, 7.39059, -2.89327 
9.8, 32.48, 31.2417, 7.16528, -2.30245 
9.81, 32.5507, 31.2215, 6.98037, -1.75268 
9.82, 32.6197, 31.2066, 6.8279, -1.23584 
9.83, 32.6874, 31.1967, 6.70125, -0.745818 
9.84, 32.7538, 31.1916, 6.59492, -0.278175 
9.85, 32.8193, 31.1911, 6.50423, 0.170144 
9.86, 32.884, 31.1949, 6.42516, 0.601084 
9.87, 32.9479, 31.203, 6.35424, 1.01571 
9.88, 33.0111, 31.2152, 6.2884, 1.41438 
9.89, 33.0736, 31.2313, 6.22495, 1.79697 
9.9, 33.1356, 31.2511, 6.16152, 2.16295 
9.91, 33.1969, 31.2745, 6.09607, 2.51155 
9.92, 33.2575, 31.3013, 6.02684, 2.84188 
9.93, 33.3174, 31.3312, 5.95238, 3.153 
9.94, 33.3765, 31.3642, 5.8715, 3.44402 
9.95, 33.4348, 31.4001, 5.78333, 3.71417 
9.96, 33.4921, 31.4385, 5.68725, 3.96282 
9.97, 33.5485, 31.4792, 5.58289, 4.18953 
9.98, 33.6038, 31.5222, 5.47013, 4.39409 
9.99, 33.6579, 31.567, 5.34908, 4.57648 
10, 33.7107, 31.6136, 5.22001, 4.73691 
